Residue Number,Residue Identity,SASA,rSASA,surface_accessibility
27,ALA,252.6768341064453,195.87351481119794,Exposed
28,TYR,472.7987365722656,179.7713827270972,Exposed
29,THR,88.99701690673828,51.74245168996412,Exposed
30,ASN,139.51531982421875,71.54631785857372,Exposed
31,SER,4.915101051330566,3.171032936342301,Burried
32,PHE,152.7155303955078,63.63147099812826,Exposed
33,THR,100.27523040771484,58.29955256262491,Exposed
34,ARG,34.740997314453125,12.679196100165374,Burried
35,GLY,16.883007049560547,16.233660624577446,Burried
36,VAL,7.106565475463867,4.084233031875786,Burried
37,TYR,4.678172588348389,1.7787728472807562,Burried
38,TYR,37.8286018371582,14.383498797398556,Burried
39,PRO,118.63536071777344,74.613434413694,Exposed
40,ASP,173.53103637695312,89.91245408132286,Exposed
41,LYS,251.36520385742188,106.5106796006025,Exposed
42,VAL,29.246549606323242,16.808361842714508,Burried
43,PHE,29.80076026916504,12.416983445485434,Burried
44,ARG,75.1552963256836,27.428940264848027,Exposed
45,SER,132.72055053710938,85.62616163684476,Exposed
46,SER,250.71263122558594,161.75008466166832,Exposed
47,VAL,78.36893463134766,45.03961760422279,Exposed
48,LEU,209.9852294921875,104.47026342894901,Exposed
49,HIS,164.31666564941406,73.35565430777413,Exposed
50,SER,164.9547576904297,106.42242431640625,Exposed
51,THR,56.89694595336914,33.0796197403309,Exposed
52,GLN,382.06842041015625,169.80818684895834,Exposed
53,ASP,142.46575927734375,73.81645558411594,Exposed
54,LEU,117.73768615722656,58.57596326230178,Exposed
55,PHE,3.1785857677459717,1.3244107365608215,Burried
56,LEU,16.170291900634766,8.044921343599386,Burried
57,PRO,28.755399703979492,18.085157046527982,Burried
58,PHE,51.232704162597656,21.346960067749023,Burried
59,PHE,329.8849792480469,137.4520746866862,Exposed
60,SER,81.61666107177734,52.65591036888861,Exposed
61,ASN,326.83172607421875,167.60601337139423,Exposed
62,VAL,3.910268783569336,2.2472809100973197,Burried
63,THR,122.4869384765625,71.21333632358285,Exposed
64,TRP,189.77914428710938,66.58917343407347,Exposed
65,PHE,129.17999267578125,53.82499694824219,Exposed
66,HIS,254.37933349609375,113.56220245361328,Exposed
67,ALA,145.9278106689453,113.12233385189559,Exposed
68,ILE,355.3299255371094,180.3705205772129,Exposed
69,HIS,629.0474243164062,280.82474299839566,Exposed
80,ASP,322.09161376953125,166.8868465127105,Exposed
81,ASN,119.74537658691406,61.407885429186706,Exposed
82,PRO,154.90460205078125,97.42427801935928,Exposed
83,VAL,204.21017456054688,117.36216928767062,Exposed
84,LEU,69.27790069580078,34.46661726159243,Exposed
85,PRO,180.3189239501953,113.40812827056308,Exposed
86,PHE,37.99509048461914,15.831287701924643,Burried
87,ASN,313.7386474609375,160.89161408253204,Exposed
88,ASP,211.66342163085938,109.67016664811366,Exposed
89,GLY,0.9145938158035278,0.8794171305803152,Burried
90,VAL,1.728417158126831,0.993343194325765,Burried
91,TYR,6.695953845977783,2.5459900555048605,Burried
92,PHE,12.250948905944824,5.104562044143677,Burried
93,ALA,0.18202930688858032,0.14110798983610878,Burried
94,SER,18.13461685180664,11.699752807617188,Burried
95,THR,51.446807861328125,29.91093480309775,Exposed
96,GLU,68.51203155517578,30.72288410545999,Exposed
97,LYS,381.0154724121094,161.4472340729277,Exposed
98,SER,257.6065979003906,166.19780509702622,Exposed
99,ASN,296.0341796875,151.8123998397436,Exposed
100,ILE,187.01686096191406,94.93241673193607,Exposed
101,ILE,64.02645874023438,32.50074047727633,Exposed
102,ARG,167.51683044433594,61.13752935924669,Exposed
103,GLY,2.777735471725464,2.6708994920437155,Burried
104,TRP,55.74861145019531,19.560916298314147,Burried
105,ILE,17.551307678222656,8.909293237676476,Burried
106,PHE,2.7436039447784424,1.143168310324351,Burried
107,GLY,6.283111095428467,6.041452976373526,Burried
108,THR,99.41630554199219,57.80017764069313,Exposed
109,THR,176.54884338378906,102.64467638592387,Exposed
110,LEU,119.52931213378906,59.467319469546794,Exposed
111,ASP,306.0428771972656,158.5714389623138,Exposed
112,SER,177.81703186035156,114.72066571635584,Exposed
113,LYS,433.3026123046875,183.60280182402013,Exposed
114,THR,142.12994384765625,82.63368828352108,Exposed
115,GLN,146.61080932617188,65.16035970052083,Exposed
116,SER,3.7471699714660645,2.417529013849074,Burried
117,LEU,4.671651840209961,2.324204895626846,Burried
118,LEU,12.556912422180176,6.247220110537401,Burried
119,ILE,51.98284149169922,26.387229183603665,Exposed
120,VAL,86.3182373046875,49.60818235901581,Exposed
121,ASN,156.2948760986328,80.1512185121194,Exposed
122,ASN,246.2957763671875,126.30552634214745,Exposed
123,ALA,263.49462890625,204.259402252907,Exposed
124,THR,318.2987060546875,185.0573872410974,Exposed
125,ASN,150.87838745117188,77.37353202624199,Exposed
126,VAL,151.80918884277344,87.24666025446749,Exposed
127,VAL,100.21029663085938,57.59212450049389,Exposed
128,ILE,40.48883056640625,20.55270587127221,Burried
129,LYS,101.31546020507812,42.930279747914454,Exposed
130,VAL,16.819795608520508,9.666549200299142,Burried
131,CYS,6.436703681945801,3.8543135820034733,Burried
132,GLU,68.84456634521484,30.872002845387826,Exposed
133,PHE,9.43345832824707,3.930607636769613,Burried
134,GLN,323.8747863769531,143.94434950086804,Exposed
135,PHE,114.06134796142578,47.52556165059408,Exposed
136,CYS,133.27011108398438,79.80246172693674,Exposed
137,ASN,319.3587951660156,163.77374111077725,Exposed
138,ASP,199.24838256835938,103.23750392142972,Exposed
139,PRO,63.150962829589844,39.71758668527663,Exposed
140,PHE,154.1103057861328,64.21262741088867,Exposed
141,LEU,106.02538299560547,52.748946763982815,Exposed
142,GLY,77.37647247314453,74.40045430110051,Exposed
143,VAL,437.15301513671875,251.23736502110273,Exposed
159,VAL,403.9038391113281,232.12864316742997,Exposed
160,TYR,214.0502471923828,81.38792668911894,Exposed
161,SER,196.32098388671875,126.65869928175404,Exposed
162,SER,121.98451232910156,78.69968537361392,Exposed
163,ALA,218.8946990966797,169.68581325324007,Exposed
164,ASN,224.5360107421875,115.14667217548077,Exposed
165,ASN,329.32501220703125,168.8846216446314,Exposed
166,CYS,173.0054168701172,103.5960580060582,Exposed
167,THR,214.2725830078125,124.57708314407702,Exposed
168,PHE,157.565673828125,65.65236409505208,Exposed
169,GLU,341.02716064453125,152.9269778675028,Exposed
170,TYR,241.85800170898438,91.96121737984197,Exposed
171,VAL,273.1336975097656,156.97338937342852,Exposed
172,SER,248.9191436767578,160.5929959204889,Exposed
173,GLN,183.76724243164062,81.67432996961806,Exposed
186,PHE,329.1524963378906,137.1468734741211,Exposed
187,LYS,372.39093017578125,157.79276702363612,Exposed
188,ASN,156.8029327392578,80.41176037910657,Exposed
189,LEU,3.462920665740967,1.72284610235869,Burried
190,ARG,233.1119842529297,85.07736651566778,Exposed
191,GLU,11.399080276489258,5.111695191250789,Burried
192,PHE,97.48339080810547,40.61807950337728,Exposed
193,VAL,3.924018383026123,2.2551829787506454,Burried
194,PHE,8.180234909057617,3.408431212107341,Burried
195,LYS,51.74931335449219,21.927675150208554,Burried
196,ASN,108.52394104003906,55.65330309745593,Exposed
197,ILE,253.3220672607422,128.58988185824475,Exposed
198,ASP,328.19915771484375,170.05137705432318,Exposed
199,GLY,48.68344497680664,46.811004785391006,Exposed
200,TYR,172.86325073242188,65.72747176137715,Exposed
201,PHE,0.3876282274723053,0.16151176144679386,Burried
202,LYS,165.30490112304688,70.0444496284097,Exposed
203,ILE,41.878517150878906,21.25813053344107,Burried
204,TYR,48.02476119995117,18.260365475266603,Burried
205,SER,85.3414077758789,55.058972758631555,Exposed
206,LYS,198.45127868652344,84.08952486717095,Exposed
207,HIS,379.55023193359375,169.4420678274972,Exposed
208,THR,125.56149291992188,73.00086797669877,Exposed
209,PRO,322.4743347167969,202.81404699169613,Exposed
210,ILE,51.829833984375,26.3095603981599,Exposed
211,ASN,433.4294128417969,222.27149376502405,Exposed
212,LEU,282.096435546875,140.346485346704,Exposed
213,VAL,351.8743591308594,202.2266431786548,Exposed
214,ARG,327.24365234375,119.4319899064781,Exposed
215,ASP,142.31277465820312,73.73718894207416,Exposed
216,LEU,25.68190574645996,12.77706753555222,Burried
217,PRO,93.37226104736328,58.724692482618416,Exposed
218,GLN,365.5970153808594,162.48756239149304,Exposed
219,GLY,115.19355010986328,110.76302895179163,Exposed
220,PHE,168.71107482910156,70.29628117879231,Exposed
221,SER,82.92841339111328,53.502202187815016,Exposed
222,ALA,31.750099182128906,24.612479986146436,Burried
223,LEU,5.718746662139893,2.845147593104424,Burried
224,GLU,176.4621124267578,79.13099211962233,Exposed
225,PRO,123.84955596923828,77.89280249637628,Exposed
226,LEU,296.2178039550781,147.3720417686956,Exposed
227,VAL,116.23426818847656,66.80130355659573,Exposed
228,ASP,202.4507598876953,104.89676678118929,Exposed
229,LEU,27.938671112060547,13.899836374159477,Burried
230,PRO,119.8293685913086,75.3643827618293,Exposed
231,ILE,54.89182662963867,27.86387138560339,Exposed
232,GLY,67.73299407958984,65.12787892268254,Exposed
233,ILE,72.75730895996094,36.93264414211215,Exposed
234,ASN,268.6703186035156,137.77965056590546,Exposed
235,ILE,58.49903869628906,29.694943500654347,Exposed
236,THR,203.63381958007812,118.39175556981287,Exposed
237,ARG,271.27484130859375,99.00541653598312,Exposed
238,PHE,14.20565128326416,5.919021368026733,Burried
239,GLN,64.13546752929688,28.504652235243057,Exposed
240,THR,28.5776424407959,16.61490839581157,Burried
241,LEU,40.79409408569336,20.295569196862367,Burried
242,LEU,88.11732482910156,43.83946508910525,Exposed
243,ALA,92.70549774169922,71.86472693154978,Exposed
244,LEU,208.96890258789062,103.96462815317942,Exposed
245,HIS,439.7359313964844,196.31068365914481,Exposed
246,ARG,509.96392822265625,186.11822197907162,Exposed
247,SER,271.66021728515625,175.26465631300402,Exposed
248,TYR,425.37103271484375,161.7380352527923,Exposed
249,LEU,409.4317932128906,203.69740955865203,Exposed
250,THR,191.4090118408203,111.28430920977925,Exposed
264,ALA,75.39828491210938,58.448282877604164,Exposed
265,TYR,32.587425231933594,12.3906559817238,Burried
266,TYR,13.454487800598145,5.11577482912477,Burried
267,VAL,10.907306671142578,6.268567052380793,Burried
268,GLY,5.369840621948242,5.163308290334848,Burried
269,TYR,212.44224548339844,80.77651919520854,Exposed
270,LEU,23.044795989990234,11.465072631835938,Burried
271,GLN,252.87232971191406,112.38770209418402,Exposed
272,PRO,275.5221862792969,173.28439388635024,Exposed
273,ARG,101.25410461425781,36.95405277892621,Exposed
274,THR,143.46267700195312,83.40853314067043,Exposed
275,PHE,3.151432514190674,1.3130968809127808,Burried
276,LEU,7.057404041290283,3.5111462891991456,Burried
277,LEU,0.7596067786216736,0.37791382020978787,Burried
278,LYS,245.3236083984375,103.95068152476166,Exposed
279,TYR,31.417644500732422,11.945872433738563,Burried
280,ASN,138.9552001953125,71.25907702323718,Exposed
281,GLU,375.8853454589844,168.55845087846834,Exposed
282,ASN,255.8712921142578,131.21604723808093,Exposed
283,GLY,3.9534592628479004,3.8014031373537502,Burried
284,THR,146.7130889892578,85.29830755189408,Exposed
285,ILE,22.168325424194336,11.252957068118953,Burried
286,THR,203.20013427734375,118.13961295194404,Exposed
287,ASP,191.2715606689453,99.10443557976441,Exposed
288,ALA,34.67866516113281,26.882686171420783,Exposed
289,VAL,37.178646087646484,21.367037981406025,Burried
290,ASP,10.86599349975586,5.630048445469357,Burried
291,CYS,59.48823547363281,35.62169788840288,Exposed
292,ALA,92.04622650146484,71.35366395462391,Exposed
293,LEU,61.270545959472656,30.4828586863048,Exposed
294,ASP,109.56816864013672,56.77107183426773,Exposed
295,PRO,2.2317731380462646,1.4036309044316129,Burried
296,LEU,44.75205612182617,22.264704538221977,Burried
297,SER,41.6000862121582,26.838765298166585,Exposed
298,GLU,77.68744659423828,34.83741999741627,Exposed
299,THR,3.5697708129882812,2.07544814708621,Burried
300,LYS,112.97164916992188,47.869342868610964,Exposed
301,CYS,51.39731979370117,30.77683819982106,Exposed
302,THR,186.9967803955078,108.71905836948127,Exposed
303,LEU,216.45135498046875,107.68724128381531,Exposed
304,LYS,336.009521484375,142.37691588320976,Exposed
305,SER,88.7557373046875,57.26176600302419,Exposed
306,PHE,149.90867614746094,62.46194839477539,Exposed
307,THR,270.63543701171875,157.3461843091388,Exposed
308,VAL,16.897165298461914,9.711014539345927,Burried
309,GLU,370.2728576660156,166.04164020897562,Exposed
310,LYS,311.2762756347656,131.89672696388374,Exposed
311,GLY,44.79265594482422,43.0698614854079,Exposed
312,ILE,185.2449951171875,94.03299244527284,Exposed
313,TYR,131.75537109375,50.09709927519012,Exposed
314,GLN,285.6331787109375,126.94807942708333,Exposed
315,THR,63.60527038574219,36.9798083638036,Exposed
316,SER,134.8765869140625,87.01715284778226,Exposed
317,ASN,206.6221160888672,105.96005953275241,Exposed
318,PHE,66.94195556640625,27.892481486002602,Exposed
319,ARG,177.46022033691406,64.76650377259638,Exposed
320,VAL,122.37628173828125,70.33119640131106,Exposed
321,GLN,268.0343322753906,119.1263699001736,Exposed
322,PRO,176.72750854492188,111.14937644334708,Exposed
323,THR,259.8002624511719,151.0466642157976,Exposed
324,GLU,203.3668212890625,91.19588398612667,Exposed
325,SER,234.81802368164062,151.49549914944555,Exposed
326,ILE,15.839317321777344,8.040262599886978,Burried
327,VAL,89.91773223876953,51.676857608488234,Exposed
328,ARG,71.03840637207031,25.92642568323734,Exposed
329,PHE,46.85167694091797,19.52153205871582,Burried
330,PRO,139.5337371826172,87.75706741045106,Exposed
331,ASN,366.4857482910156,187.941409380008,Exposed
332,ILE,197.2545928955078,100.12923497233899,Exposed
333,THR,362.93267822265625,211.00737105968386,Exposed
334,ASN,240.5174560546875,123.34228515625001,Exposed
335,LEU,375.2264099121094,186.67980592642257,Exposed
336,CYS,54.94624328613281,32.90194208750468,Exposed
337,PRO,161.74319458007812,101.72527961011201,Exposed
338,PHE,114.37921905517578,47.65800793965658,Exposed
339,GLY,139.6714324951172,134.2994543222281,Exposed
340,GLU,312.09368896484375,139.95232689006448,Exposed
341,VAL,47.10862731933594,27.073923746744793,Exposed
342,PHE,90.96941375732422,37.90392239888509,Exposed
343,ASN,380.6141357421875,195.1867362780449,Exposed
344,ALA,85.74943542480469,66.4724305618641,Exposed
345,THR,342.3660888671875,199.05005166696947,Exposed
346,ARG,531.9942016601562,194.15846775918112,Exposed
347,PHE,54.72922897338867,22.803845405578613,Burried
348,ALA,80.10753631591797,62.09886536117673,Exposed
349,SER,44.562538146972656,28.750024610950103,Exposed
350,VAL,5.276916027069092,3.032710360384536,Burried
351,TYR,166.37265014648438,63.259562793340066,Exposed
352,ALA,95.45980834960938,73.99985143380572,Exposed
353,TRP,45.098655700683594,15.824089719538105,Burried
354,ASN,228.5713348388672,117.21606914813702,Exposed
355,ARG,323.2921447753906,117.98983385963162,Exposed
356,LYS,214.98558044433594,91.09558493404066,Exposed
357,ARG,378.1851501464844,138.02377742572423,Exposed
358,ILE,31.77487564086914,16.129378497903115,Burried
359,SER,111.59815216064453,71.99880784557712,Exposed
360,ASN,230.4033660888672,118.15557235326521,Exposed
361,CYS,14.201191902160645,8.503707725844697,Burried
362,VAL,99.31659698486328,57.078504014289244,Exposed
363,ALA,8.37249755859375,6.490308184956395,Burried
364,ASP,171.13124084472656,88.6690367071122,Exposed
365,TYR,76.89544677734375,29.237812462868344,Exposed
366,SER,117.86335754394531,76.04087583480343,Exposed
367,VAL,249.20803833007812,143.22301053452767,Exposed
368,LEU,46.794498443603516,23.28084499681767,Burried
369,TYR,140.8480682373047,53.55439856931737,Exposed
370,ASN,214.79393005371094,110.1507333608774,Exposed
371,SER,199.6461181640625,128.80394720262098,Exposed
372,ALA,180.6000518798828,140.0000402169634,Exposed
373,SER,231.45803833007812,149.32776666456652,Exposed
374,PHE,130.4755401611328,54.36480840047201,Exposed
375,SER,212.773681640625,137.27334299395162,Exposed
376,THR,117.29238891601562,68.19324936977652,Exposed
377,PHE,110.85266876220703,46.18861198425293,Exposed
378,LYS,299.25689697265625,126.80376990366791,Exposed
379,CYS,76.28514099121094,45.67972514443769,Exposed
380,TYR,234.37290954589844,89.11517473228078,Exposed
381,GLY,104.83570098876953,100.80355864304762,Exposed
382,VAL,34.83795928955078,20.021815683649873,Burried
383,SER,87.61957550048828,56.52875838741179,Exposed
384,PRO,108.39286041259766,68.17161032238846,Exposed
385,THR,216.6556854248047,125.962607805119,Exposed
386,LYS,239.65646362304688,101.54934899281646,Exposed
387,LEU,24.904369354248047,12.390233509576143,Burried
388,ASN,87.61406707763672,44.93029080904447,Exposed
389,ASP,235.73028564453125,122.1400443754048,Exposed
390,LEU,96.83975219726562,48.17898119266947,Exposed
391,CYS,71.1405029296875,42.59910355071108,Exposed
392,PHE,27.895553588867188,11.623147328694662,Burried
393,THR,37.65453338623047,21.89217057338981,Burried
394,ASN,96.94086456298828,49.71326387845553,Exposed
395,VAL,19.754167556762695,11.352969860208445,Burried
396,TYR,126.91490936279297,48.256619529579076,Exposed
397,ALA,10.986804008483887,8.516902332158052,Burried
398,ASP,10.756852149963379,5.573498523297087,Burried
399,SER,32.972625732421875,21.272661762852824,Burried
400,PHE,2.729782819747925,1.137409508228302,Burried
401,VAL,9.028454780578613,5.1887671152750645,Burried
402,ILE,9.67087459564209,4.909073398803091,Burried
403,ARG,159.29080200195312,58.135329197793105,Exposed
404,GLY,53.0748405456543,51.033500524667595,Exposed
405,ASP,181.2918243408203,93.93358774135767,Exposed
406,GLU,69.39420318603516,31.11847676503819,Exposed
407,VAL,165.75534057617188,95.26168998630567,Exposed
408,ARG,401.60498046875,146.57116075501824,Exposed
409,GLN,51.64244079589844,22.952195909288196,Burried
410,ILE,34.371463775634766,17.447443540931353,Burried
411,ALA,58.812355041503906,45.590972900390625,Exposed
412,PRO,106.5128173828125,66.98919332252359,Exposed
413,GLY,108.07347106933594,103.91679910513072,Exposed
414,GLN,232.9180908203125,103.51915147569444,Exposed
415,THR,182.3289794921875,106.00522063499274,Exposed
416,GLY,38.381797790527344,36.905574798583984,Exposed
417,LYS,218.40574645996094,92.54480782201735,Exposed
418,ILE,13.000411987304688,6.59919390218512,Burried
419,ALA,18.976953506469727,14.71081667168196,Burried
420,ASP,102.44023132324219,53.07784006385605,Exposed
421,TYR,142.01931762695312,53.99974054256773,Exposed
422,ASN,8.458061218261719,4.3374672914162655,Burried
423,TYR,14.803349494934082,5.628649998073795,Burried
424,LYS,117.33370971679688,49.717673608812234,Exposed
425,LEU,33.14736557006836,16.491226651775303,Burried
426,PRO,73.59049224853516,46.28332845819821,Exposed
427,ASP,315.46142578125,163.4515159488342,Exposed
428,ASP,389.2837829589844,201.7014419476603,Exposed
429,PHE,45.97243118286133,19.155179659525555,Burried
430,THR,102.5963363647461,59.64903277020122,Exposed
431,GLY,0.0,0.0,Burried
432,CYS,16.74711036682129,10.02820980049179,Burried
433,VAL,46.9913330078125,27.006513222880745,Exposed
434,ILE,9.077990531921387,4.608117021279892,Burried
435,ALA,12.161447525024414,9.427478701569312,Burried
436,TRP,107.82431030273438,37.83309133429276,Exposed
437,ASN,260.057861328125,133.3630058092949,Exposed
438,SER,22.405941009521484,14.455445812594506,Burried
439,ASN,149.06082153320312,76.44144694010416,Exposed
440,ASN,401.6133117675781,205.95554449619394,Exposed
441,LEU,324.7833251953125,161.58374387826493,Exposed
442,ASP,12.339309692382812,6.393424711079178,Burried
443,SER,49.68878936767578,32.05728346301663,Exposed
444,LYS,412.7802734375,174.90689552436442,Exposed
447,GLY,82.70122528076172,79.52040892380936,Exposed
448,ASN,36.78168869018555,18.86240445650541,Burried
449,TYR,416.6391906738281,158.41794322198788,Exposed
450,ASN,251.96109008789062,129.2108154296875,Exposed
451,TYR,42.03080749511719,15.981295625519842,Burried
452,LEU,137.59552001953125,68.4554825967817,Exposed
453,TYR,98.6419906616211,37.50646032761259,Exposed
454,ARG,38.61399459838867,14.092698758536013,Burried
455,LEU,130.3308868408203,64.84123723423896,Exposed
456,PHE,186.8396453857422,77.84985224405925,Exposed
457,ARG,120.80917358398438,44.09093926422788,Exposed
458,LYS,405.5693664550781,171.85142646401616,Exposed
459,SER,203.48826599121094,131.28275225239418,Exposed
460,ASN,290.83599853515625,149.14666591546475,Exposed
461,LEU,54.3829345703125,27.056186353389304,Exposed
462,LYS,369.23187255859375,156.45418328753973,Exposed
463,PRO,162.96688842773438,102.49489838222287,Exposed
464,PHE,172.5835418701172,71.90980911254883,Exposed
465,GLU,161.64840698242188,72.4880748800098,Exposed
466,ARG,258.1669616699219,94.22151885763571,Exposed
467,ASP,95.72684478759766,49.599401444351116,Exposed
468,ILE,231.40098571777344,117.46242929836215,Exposed
469,SER,131.03680419921875,84.53987367691532,Exposed
470,THR,280.642822265625,163.16443154978197,Exposed
471,GLU,360.6999816894531,161.74887071275924,Exposed
472,ILE,121.50463104248047,61.67747768653831,Exposed
473,TYR,172.71218872070312,65.67003373410765,Exposed
474,GLN,195.84996032714844,87.04442681206596,Exposed
475,ALA,170.9864044189453,132.5476003247638,Exposed
476,GLY,77.87339782714844,74.87826714148889,Exposed
477,SER,339.8151550292969,219.23558388986896,Exposed
478,THR,180.38282775878906,104.8737370690634,Exposed
479,PRO,301.23126220703125,189.4536240295794,Exposed
480,CYS,55.97455596923828,33.51769818517262,Exposed
481,ASN,413.95098876953125,212.28255834334936,Exposed
482,GLY,164.75660705566406,158.41981447660004,Exposed
483,VAL,292.16064453125,167.90841639727012,Exposed
484,GLU,304.593505859375,136.5890160804372,Exposed
485,GLY,154.183837890625,148.2536902794471,Exposed
486,PHE,377.36737060546875,157.2364044189453,Exposed
487,ASN,207.36038208007812,106.33865747696314,Exposed
488,CYS,38.43412399291992,23.01444550474247,Burried
489,TYR,295.7932434082031,112.46891384342324,Exposed
490,PHE,290.0660400390625,120.86085001627605,Exposed
491,PRO,13.368915557861328,8.408122992365614,Burried
492,LEU,74.077880859375,36.85466709421642,Exposed
493,GLN,253.6310577392578,112.72491455078124,Exposed
494,SER,98.71822357177734,63.68917649792086,Exposed
495,TYR,56.67271423339844,21.548560545018418,Burried
496,GLY,126.59326934814453,121.72429745013898,Exposed
497,PHE,8.850151062011719,3.687562942504883,Burried
498,GLN,214.7825927734375,95.45893012152777,Exposed
499,PRO,216.5975341796875,136.2248642639544,Exposed
500,THR,345.1923522949219,200.69322807844293,Exposed
501,ASN,236.8011474609375,121.43648587740385,Exposed
502,GLY,112.71566772460938,108.38044973520131,Exposed
503,VAL,324.4434509277344,186.4617534067439,Exposed
504,GLY,70.27952575683594,67.5764670738807,Exposed
505,TYR,292.3457336425781,111.1580736283567,Exposed
506,GLN,110.38880157470703,49.061689588758675,Exposed
507,PRO,3.9550302028656006,2.487440379160755,Burried
508,TYR,116.7003402709961,44.37275295475136,Exposed
509,ARG,56.19504165649414,20.50913929069129,Burried
510,VAL,12.545907974243164,7.210291939220209,Burried
511,VAL,5.4854960441589355,3.1525839334246757,Burried
512,VAL,3.8793582916259766,2.229516259555159,Burried
513,LEU,53.15795135498047,26.446741967651977,Exposed
514,SER,53.09114456176758,34.25235133017263,Exposed
515,PHE,61.55695724487305,25.64873218536377,Exposed
516,GLU,221.45140075683594,99.3055608775049,Exposed
517,LEU,183.46932983398438,91.27827354924595,Exposed
518,LEU,248.6737518310547,123.71828449306204,Exposed
519,HIS,284.5289611816406,127.02185767037528,Exposed
520,ALA,85.0508041381836,65.93085592107255,Exposed
521,PRO,156.0763397216797,98.16121995074194,Exposed
522,ALA,108.24807739257812,83.91323828882025,Exposed
523,THR,117.14679718017578,68.10860301173011,Exposed
524,VAL,14.418245315551758,8.28634788250101,Burried
525,CYS,53.0787239074707,31.783667010461496,Exposed
526,GLY,26.939403533935547,25.90327262878418,Exposed
527,PRO,139.7347412109375,87.88348503832547,Exposed
528,LYS,258.5620422363281,109.56018738827463,Exposed
529,LYS,485.2775573730469,205.62608363264698,Exposed
530,SER,149.63624572753906,96.53951337260584,Exposed
531,THR,170.7284393310547,99.26072054131086,Exposed
532,ASN,327.0466613769531,167.7162366035657,Exposed
533,LEU,149.45826721191406,74.35734687159903,Exposed
534,VAL,116.28398895263672,66.82987870841191,Exposed
535,LYS,218.22683715820312,92.46899879584878,Exposed
536,ASN,321.88641357421875,165.06995567908655,Exposed
537,LYS,232.7983856201172,98.64338373733779,Exposed
538,CYS,32.98203659057617,19.74972250932705,Burried
539,VAL,0.14612282812595367,0.08397863685399637,Burried
540,ASN,162.573974609375,83.37126903044872,Exposed
541,PHE,32.325286865234375,13.46886952718099,Burried
542,ASN,86.71810150146484,44.47082128280249,Exposed
543,PHE,16.31612777709961,6.798386573791504,Burried
544,ASN,147.24928283691406,75.51245273687901,Exposed
545,GLY,67.95401763916016,65.34040157611554,Exposed
546,LEU,102.29302215576172,50.89205082376205,Exposed
547,THR,165.09475708007812,95.98532388376636,Exposed
548,GLY,52.430686950683594,50.414122067964996,Exposed
549,THR,146.0430145263672,84.90872937579488,Exposed
550,GLY,0.179544135928154,0.1726385922386096,Burried
551,VAL,84.79621124267578,48.73345473716999,Exposed
552,LEU,11.261943817138672,5.602957122954563,Burried
553,THR,133.420166015625,77.56986396257267,Exposed
554,GLU,352.49127197265625,158.0678349653167,Exposed
555,SER,79.89694213867188,51.54641428301411,Exposed
556,ASN,430.9971923828125,221.0242012219551,Exposed
557,LYS,220.7627410888672,93.54353435968949,Exposed
558,LYS,395.75103759765625,167.69111762612553,Exposed
559,PHE,73.36366271972656,30.568192799886067,Exposed
560,LEU,116.1666488647461,57.7943526690279,Exposed
561,PRO,363.4311218261719,228.57303259507665,Exposed
562,PHE,90.96196746826172,37.90081977844238,Exposed
563,GLN,6.034238338470459,2.6818837059868708,Burried
564,GLN,135.0482177734375,60.02143012152777,Exposed
565,PHE,98.4168930053711,41.00703875223795,Exposed
566,GLY,5.148272514343262,4.9502620330223674,Burried
567,ARG,204.2113494873047,74.52968959390682,Exposed
568,ASP,124.35875701904297,64.43458912903782,Exposed
569,ILE,227.38209533691406,115.42238341975333,Exposed
570,ALA,12.883720397949219,9.987380153449006,Burried
571,ASP,158.7332763671875,82.2452209156412,Exposed
572,THR,129.41085815429688,75.23887101994005,Exposed
573,THR,118.5327377319336,68.91438240228698,Exposed
574,ASP,113.78573608398438,58.95633993988828,Exposed
575,ALA,2.122262477874756,1.6451647115308186,Burried
576,VAL,8.583717346191406,4.933170888615751,Burried
577,ARG,114.38774108886719,41.747350762360284,Exposed
578,ASP,2.143824815750122,1.1107900599741565,Burried
579,PRO,87.84447479248047,55.2480973537613,Exposed
580,GLN,209.88800048828125,93.28355577256944,Exposed
581,THR,231.9082489013672,134.83037726823676,Exposed
582,LEU,360.2066650390625,179.20729603933458,Exposed
583,GLU,182.58554077148438,81.87692411277327,Exposed
584,ILE,55.32781219482422,28.085183855240718,Exposed
585,LEU,7.5176568031311035,3.740127762751793,Burried
586,ASP,133.72874450683594,69.28950492582173,Exposed
587,ILE,71.09493255615234,36.08879825185398,Exposed
588,THR,141.90179443359375,82.5010432753452,Exposed
589,PRO,120.96175384521484,76.07657474541814,Exposed
590,CYS,70.80033111572266,42.39540785372614,Exposed
591,SER,90.36469268798828,58.29980173418598,Exposed
592,PHE,44.80698776245117,18.669578234354656,Burried
593,GLY,47.54179000854492,45.71325962360089,Exposed
594,GLY,35.067649841308594,33.718894078181336,Exposed
595,VAL,16.061180114746094,9.230563284336837,Burried
596,SER,28.129348754882812,18.14796693863407,Burried
597,VAL,5.4033284187316895,3.1053611601906264,Burried
598,ILE,10.306297302246094,5.231622996064007,Burried
599,THR,9.216392517089844,5.358367742494095,Burried
600,PRO,42.71989059448242,26.867855719800264,Exposed
601,GLY,21.10186767578125,20.29025738055889,Burried
602,THR,126.21076202392578,73.37835001391035,Exposed
603,ASN,455.0721130371094,233.37031437800482,Exposed
604,THR,250.56874084472656,145.67950049112008,Exposed
605,SER,62.20340347290039,40.13122804703251,Exposed
606,ASN,297.7666931152344,152.70086826422275,Exposed
607,GLN,225.22006225585938,100.0978054470486,Exposed
608,VAL,21.415132522583008,12.307547426771844,Burried
609,ALA,3.2422282695770264,2.513355247734129,Burried
610,VAL,0.1820308417081833,0.10461542626907085,Burried
611,LEU,22.0950870513916,10.992580622582887,Burried
612,TYR,6.74658727645874,2.5652423104405857,Burried
613,GLN,98.28568267822266,43.682525634765625,Exposed
614,ASP,177.39674377441406,91.91541128207983,Exposed
615,VAL,26.837039947509766,15.423586176729751,Burried
616,ASN,254.49588012695312,130.51070775741184,Exposed
617,CYS,84.94658660888672,50.86621952627948,Exposed
618,THR,327.3439636230469,190.3162579203761,Exposed
619,GLU,181.65701293945312,81.46054391903728,Exposed
620,VAL,5.074357986450195,2.916297693362181,Burried
621,PRO,149.0367889404297,93.73382952228282,Exposed
622,VAL,316.48785400390625,181.8895712666128,Exposed
623,ALA,13.22594928741455,10.252673866212831,Burried
624,ILE,53.42006301879883,27.116783258273518,Exposed
625,HIS,185.7524871826172,82.92521749223981,Exposed
626,ALA,51.32123947143555,39.7839065670043,Exposed
627,ASP,403.0035400390625,208.81012437257124,Exposed
628,GLN,328.28851318359375,145.906005859375,Exposed
629,LEU,122.07456970214844,60.73361676723803,Exposed
630,THR,79.13206481933594,46.00701442984648,Exposed
631,PRO,285.1962890625,179.36873525943395,Exposed
632,THR,170.90765380859375,99.36491500499636,Exposed
633,TRP,47.215755462646484,16.56693174127947,Burried
634,ARG,349.9547424316406,127.72070891665717,Exposed
635,VAL,271.16583251953125,155.84243248248924,Exposed
636,TYR,133.3055419921875,50.6865178677519,Exposed
637,SER,22.903270721435547,14.77630369124874,Burried
638,THR,217.17489624023438,126.26447455827581,Exposed
639,GLY,156.95309448242188,150.91643700232873,Exposed
640,SER,342.51336669921875,220.97636561239918,Exposed
641,ASN,176.14137268066406,90.32890906700722,Exposed
642,VAL,189.98724365234375,109.18807106456538,Exposed
643,PHE,106.36035919189453,44.316816329956055,Exposed
644,GLN,264.5370178222656,117.57200792100694,Exposed
645,THR,48.75743865966797,28.34734805794649,Exposed
646,ARG,589.3728637695312,215.0995853173472,Exposed
647,ALA,25.66010284423828,19.891552592432777,Burried
648,GLY,6.0192084312438965,5.787700414657593,Burried
649,CYS,0.20879977941513062,0.12502980803301234,Burried
650,LEU,5.777719497680664,2.874487312278937,Burried
651,ILE,12.330642700195312,6.2592094924849295,Burried
652,GLY,69.35919952392578,66.69153800377478,Exposed
653,ALA,10.831655502319336,8.39663217234057,Burried
654,GLU,236.1556396484375,105.8993899768778,Exposed
655,HIS,272.0477294921875,121.4498792375837,Exposed
656,VAL,110.89708709716797,63.733958101820676,Exposed
657,ASN,450.8724365234375,231.21663411458334,Exposed
658,ASN,269.2511291503906,138.07750212840543,Exposed
659,SER,187.13682556152344,120.73343584614416,Exposed
660,TYR,263.5950622558594,100.22625941287428,Exposed
661,GLU,371.1275634765625,166.4249163572029,Exposed
662,CYS,158.56935119628906,94.9517073031671,Exposed
663,ASP,195.47398376464844,101.28185687287483,Exposed
664,ILE,30.520954132080078,15.492870117807147,Burried
665,PRO,186.3489532470703,117.20059952645931,Exposed
666,ILE,68.66757202148438,34.8566355439007,Exposed
667,GLY,13.207118034362793,12.69915195611807,Burried
668,ALA,81.54940032958984,63.21658940278283,Exposed
669,GLY,6.609805107116699,6.355581833766057,Burried
670,ILE,64.92772674560547,32.958236926703286,Exposed
671,CYS,0.0,0.0,Burried
672,ALA,9.270567893981934,7.186486739520878,Burried
673,SER,58.909400939941406,38.00606512254284,Exposed
674,TYR,187.75421142578125,71.38943400219819,Exposed
675,GLN,248.7501220703125,110.55560980902779,Exposed
676,THR,372.8382568359375,216.7664283929869,Exposed
689,SER,388.8800964355469,250.890384797127,Exposed
690,GLN,229.0801544189453,101.8134019639757,Exposed
691,SER,118.91338348388672,76.7183119250882,Exposed
692,ILE,25.905359268188477,13.14992856253222,Burried
693,ILE,37.34006118774414,18.95434578058078,Burried
694,ALA,0.8177872896194458,0.6339436353639115,Burried
695,TYR,10.056147575378418,3.8236302567978777,Burried
696,THR,186.981201171875,108.71000068132268,Exposed
697,MET,70.73462677001953,31.577958379473003,Exposed
698,SER,121.08734893798828,78.12087028257308,Exposed
699,LEU,54.27863693237305,27.004296981280124,Exposed
700,GLY,102.73145294189453,98.78024321336014,Exposed
701,ALA,160.69247436523438,124.56780958545299,Exposed
702,GLU,344.1720275878906,154.3372321021931,Exposed
703,ASN,165.78533935546875,85.01812274639423,Exposed
704,SER,211.4583740234375,136.4247574344758,Exposed
705,VAL,47.09735107421875,27.067443146102732,Exposed
706,ALA,197.34725952148438,152.9823717220809,Exposed
707,TYR,84.10319519042969,31.978401213091136,Exposed
708,SER,123.53218078613281,79.69818115234375,Exposed
709,ASN,274.25103759765625,140.64155774238782,Exposed
710,ASN,213.06277465820312,109.2629613631811,Exposed
711,SER,65.35153198242188,42.16227869833669,Exposed
712,ILE,20.90920639038086,10.613810350447137,Burried
713,ALA,29.08495330810547,22.546475432639898,Burried
714,ILE,7.23612642288208,3.673160620752325,Burried
715,PRO,3.820936679840088,2.4031048300881057,Burried
716,THR,115.27061462402344,67.01779920001363,Exposed
717,ASN,158.38668823242188,81.22394268329327,Exposed
718,PHE,28.073198318481445,11.697165966033936,Burried
719,THR,171.2621307373047,99.571006242619,Exposed
720,ILE,48.00877380371094,24.36993594097002,Burried
721,SER,98.02417755126953,63.2414048717868,Exposed
722,VAL,55.194339752197266,31.7208849150559,Exposed
723,THR,173.5198974609375,100.88366131449855,Exposed
724,THR,196.4654998779297,114.22412783600564,Exposed
725,GLU,150.4312286376953,67.45795006174677,Exposed
726,ILE,74.98796081542969,38.064954728644516,Exposed
727,LEU,31.08690643310547,15.466122603535059,Burried
728,PRO,45.348880767822266,28.521308659007715,Exposed
729,VAL,9.063146591186523,5.208704937463519,Burried
730,SER,48.70970916748047,31.425618817729333,Exposed
731,MET,24.007638931274414,10.717695951461792,Burried
732,THR,120.78218078613281,70.22219813147257,Exposed
733,LYS,73.94313049316406,31.331834954730535,Exposed
734,THR,53.76857376098633,31.260798698247864,Exposed
735,SER,84.77670288085938,54.69464701990927,Exposed
736,VAL,36.15815353393555,20.780548008008935,Burried
737,ASP,91.52706146240234,47.42334790798049,Exposed
738,CYS,13.872529029846191,8.306903610686343,Burried
739,THR,169.66867065429688,98.64457596180051,Exposed
740,MET,97.80870056152344,43.66459846496582,Exposed
741,TYR,18.66683578491211,7.097656191981791,Burried
742,ILE,6.009964942932129,3.0507436258538725,Burried
743,CYS,7.716110706329346,4.6204255726523025,Burried
744,GLY,123.98210906982422,119.21356641329253,Exposed
745,ASP,282.0063171386719,146.1172627661512,Exposed
746,SER,56.58557891845703,36.50682510868196,Exposed
747,THR,292.33935546875,169.96474155159885,Exposed
748,GLU,296.54925537109375,132.98172886596132,Exposed
749,CYS,5.8189005851745605,3.4843716078889586,Burried
750,SER,108.01309967041016,69.68587075510332,Exposed
751,ASN,276.8052062988281,141.9513878455529,Exposed
752,LEU,58.44157791137695,29.075411896207438,Exposed
753,LEU,62.81540298461914,31.2514442709548,Exposed
754,LEU,378.2689514160156,188.19350816717196,Exposed
755,GLN,150.79225158691406,67.01877848307292,Exposed
756,TYR,76.7615966796875,29.186918889615022,Exposed
757,GLY,120.7926254272461,116.14675521850586,Exposed
758,SER,102.8284683227539,66.34094730500252,Exposed
759,PHE,45.3541145324707,18.897547721862793,Burried
760,CYS,87.77031707763672,52.55707609439324,Exposed
761,THR,219.1072235107422,127.38792064578035,Exposed
762,GLN,121.87901306152344,54.16845024956597,Exposed
763,LEU,37.66965103149414,18.741119916166237,Burried
764,ASN,165.7025146484375,84.97564853766025,Exposed
765,ARG,322.2503967285156,117.60963384252395,Exposed
766,ALA,48.20498275756836,37.36820368803749,Exposed
767,LEU,38.27156448364258,19.04057934509581,Burried
768,THR,211.0039825439453,122.67673403717751,Exposed
769,GLY,123.24666595458984,118.50640957172101,Exposed
770,ILE,39.27845001220703,19.93829949858225,Burried
771,ALA,38.86996841430664,30.131758460702823,Exposed
772,VAL,288.8681640625,166.01618624281608,Exposed
773,GLU,147.80433654785156,66.27997154612177,Exposed
774,GLN,11.347991943359375,5.043551974826388,Burried
775,ASP,109.0919189453125,56.52431033435881,Exposed
776,LYS,360.9037170410156,152.92530383093884,Exposed
777,ASN,0.3289145529270172,0.16867412970616266,Burried
778,THR,57.1930046081543,33.25174686520599,Exposed
779,GLN,238.51817321777344,106.00807698567709,Exposed
780,GLU,163.89337158203125,73.49478546279428,Exposed
781,VAL,0.0,0.0,Burried
782,PHE,15.649642944335938,6.520684560139974,Burried
783,ALA,61.83614730834961,47.934997913449315,Exposed
784,GLN,146.1427001953125,64.95231119791667,Exposed
785,VAL,46.34321975708008,26.63403434314947,Exposed
786,LYS,344.4455871582031,145.95151998228945,Exposed
787,GLN,193.69532775878906,86.08681233723958,Exposed
788,ILE,52.090232849121094,26.441742563005633,Exposed
789,TYR,58.65885543823242,22.30374731491727,Burried
790,LYS,280.18408203125,118.72206865730932,Exposed
791,THR,147.4617462158203,85.73357338129088,Exposed
792,PRO,48.24745559692383,30.34431169617851,Exposed
793,PRO,378.8802185058594,238.2894456011694,Exposed
794,ILE,360.59954833984375,183.04545601007297,Exposed
795,LYS,320.93096923828125,135.9876988297802,Exposed
796,ASP,211.70079040527344,109.68952870739557,Exposed
797,PHE,17.869476318359375,7.445615132649739,Burried
798,GLY,101.93693542480469,98.0162840623122,Exposed
799,GLY,150.4120635986328,144.62698422945465,Exposed
800,PHE,69.4767074584961,28.948628107706703,Exposed
801,ASN,261.9344787597656,134.32537372295673,Exposed
802,PHE,22.685649871826172,9.452354113260904,Burried
803,SER,170.19073486328125,109.80047410534274,Exposed
804,GLN,171.55624389648438,76.24721950954861,Exposed
805,ILE,22.688724517822266,11.51711904457983,Burried
806,LEU,37.421424865722656,18.6176243113048,Burried
807,PRO,149.44027709960938,93.98759566013169,Exposed
808,ASP,155.50624084472656,80.57318178483241,Exposed
809,PRO,335.9502868652344,211.289488594487,Exposed
810,SER,321.7435607910156,207.57649083291332,Exposed
811,LYS,219.16952514648438,92.86844285867983,Exposed
812,PRO,394.68255615234375,248.22802273732313,Exposed
813,SER,95.16323852539062,61.39563775831653,Exposed
814,LYS,282.3623962402344,119.64508315264169,Exposed
815,ARG,148.3611297607422,54.14639772289861,Exposed
816,SER,6.0961480140686035,3.9329987187539377,Burried
817,PHE,249.21351623535156,103.83896509806314,Exposed
818,ILE,14.91840934753418,7.572796623113796,Burried
819,GLU,18.457876205444336,8.277074531589388,Burried
820,ASP,114.0176010131836,59.07647720890342,Exposed
821,LEU,100.85533142089844,50.176781801442004,Exposed
822,LEU,9.768506050109863,4.859953258761126,Burried
823,PHE,121.78038024902344,50.741825103759766,Exposed
824,ASN,333.49542236328125,171.0232935196314,Exposed
825,LYS,191.15313720703125,80.99709203687765,Exposed
826,VAL,72.11144256591797,41.44335779650458,Exposed
827,THR,214.88839721679688,124.93511466092842,Exposed
828,LEU,288.5015869140625,143.53312781794153,Exposed
849,LEU,208.6072235107422,103.78468831380208,Exposed
850,ILE,166.3353729248047,84.43419945421557,Exposed
851,CYS,163.5543975830078,97.93676501976516,Exposed
852,ALA,77.47660827636719,60.05938626074976,Exposed
853,GLN,52.808021545410156,23.47023179796007,Burried
854,LYS,212.7168426513672,90.13425536074881,Exposed
855,PHE,171.64283752441406,71.51784896850586,Exposed
856,ASN,97.90190887451172,50.206107115134216,Exposed
857,GLY,9.074353218078613,8.725339632767898,Burried
858,LEU,26.26512336730957,13.067225555875408,Burried
859,THR,63.89923858642578,37.150720108387084,Exposed
860,VAL,146.6811981201172,84.29953914949265,Exposed
861,LEU,134.4164276123047,66.87384458323616,Exposed
862,PRO,128.5570526123047,80.85349220899666,Exposed
863,PRO,202.95291137695312,127.64334048864976,Exposed
864,LEU,85.60707092285156,42.59058254868237,Exposed
865,LEU,60.429561614990234,30.064458514920517,Exposed
866,THR,135.9160614013672,79.02096593102743,Exposed
867,ASP,244.55062866210938,126.71017029124837,Exposed
868,GLU,265.0001220703125,118.83413545753925,Exposed
869,MET,57.03572082519531,25.462375368390767,Exposed
870,ILE,69.0638656616211,35.05779982823406,Exposed
871,ALA,13.508777618408203,10.471920634424963,Burried
872,GLN,216.00625610351562,96.00278049045139,Exposed
873,TYR,22.73955535888672,8.646218767637535,Burried
874,THR,9.74543571472168,5.665950996931209,Burried
875,SER,80.3533935546875,51.84089906754033,Exposed
876,ALA,1.5479556322097778,1.1999656063641688,Burried
877,LEU,0.5636508464813232,0.28042330670712595,Burried
878,LEU,9.779967308044434,4.865655377136534,Burried
879,ALA,10.928948402404785,8.472053025119989,Burried
880,GLY,2.1513278484344482,2.068584469648508,Burried
881,THR,7.525755882263184,4.375439466432083,Burried
882,ILE,8.886536598205566,4.510932283353079,Burried
883,THR,1.0989749431610107,0.6389389204424482,Burried
884,SER,8.32509994506836,5.3710322226247476,Burried
885,GLY,8.328466415405273,8.008140784043533,Burried
886,TRP,282.045654296875,98.96338747258771,Exposed
887,THR,82.2640609741211,47.82794242681459,Exposed
888,PHE,32.35818862915039,13.48257859547933,Burried
889,GLY,22.740148544311523,21.865527446453388,Burried
890,ALA,32.520538330078125,25.209719635719473,Exposed
891,GLY,98.85272216796875,95.05069439227765,Exposed
892,ALA,146.25230407714844,113.37387912957244,Exposed
893,ALA,77.77851867675781,60.29342533082001,Exposed
894,LEU,64.25454711914062,31.967436377681903,Exposed
895,GLN,45.061527252197266,20.02734544542101,Burried
896,ILE,58.37320327758789,29.631067653597913,Exposed
897,PRO,26.183273315429688,16.467467493980937,Burried
898,PHE,11.673510551452637,4.863962729771932,Burried
899,ALA,59.64920425415039,46.23969322027162,Exposed
900,MET,41.94053649902344,18.723453794206893,Burried
901,GLN,30.290416717529297,13.462407430013021,Burried
902,MET,26.59645652770996,11.873418092727661,Burried
903,ALA,1.0145848989486694,0.7864999216656352,Burried
904,TYR,94.70343017578125,36.00890881208412,Exposed
905,ARG,11.43126106262207,4.171993088548201,Burried
906,PHE,0.1763249933719635,0.07346874723831812,Burried
907,ASN,204.39578247070312,104.81834998497597,Exposed
908,GLY,82.91118621826172,79.72229444063626,Exposed
909,ILE,78.82453155517578,40.01245256607908,Exposed
910,GLY,127.24968719482422,122.35546845656175,Exposed
911,VAL,7.852418422698975,4.512884150976422,Burried
912,THR,124.5401840209961,72.40708373313727,Exposed
913,GLN,31.318933486938477,13.919525994194878,Burried
914,ASN,7.175625324249268,3.679807858589368,Burried
915,VAL,3.499697685241699,2.0113205087595976,Burried
916,LEU,13.20582389831543,6.570061640952949,Burried
917,TYR,32.06000518798828,12.190116041060183,Burried
918,GLU,222.21701049804688,99.64888363141115,Exposed
919,ASN,134.30418395996094,68.87394049228766,Exposed
920,GLN,56.70820999145508,25.203648885091145,Exposed
921,LYS,443.2353210449219,187.81157671394993,Exposed
922,LEU,246.58778381347656,122.68048945944108,Exposed
923,ILE,9.744810104370117,4.946604113893461,Burried
924,ALA,11.9258394241333,9.244836762894032,Burried
925,ASN,287.50726318359375,147.43962214543268,Exposed
926,GLN,128.931640625,57.30295138888889,Exposed
927,PHE,27.41572380065918,11.423218250274658,Burried
928,ASN,151.3438262939453,77.61221861227965,Exposed
929,SER,199.865966796875,128.94578503024195,Exposed
930,ALA,21.116132736206055,16.36909514434578,Burried
931,ILE,45.00591278076172,22.845641005462802,Burried
932,GLY,84.34099578857422,81.09711133516751,Exposed
933,LYS,391.08648681640625,165.71461305779926,Exposed
934,ILE,62.35955810546875,31.65459802308058,Exposed
935,GLN,127.44290924072266,56.64129299587673,Exposed
936,ASP,288.08062744140625,149.26457380383744,Exposed
937,SER,191.8321533203125,123.76267956149194,Exposed
938,LEU,73.71757507324219,36.67541048420009,Exposed
939,SER,213.74607849121094,137.90069580078125,Exposed
940,SER,155.97608947753906,100.6297351467994,Exposed
941,THR,395.42681884765625,229.89931328352105,Exposed
942,ALA,161.85098266601562,125.46587803567103,Exposed
943,SER,301.3011779785156,194.38785676033265,Exposed
944,ALA,186.40176391601562,144.49749140776404,Exposed
945,LEU,39.62355422973633,19.713211059570312,Burried
946,GLY,95.97708892822266,92.28566243098332,Exposed
947,LYS,326.01873779296875,138.14353296312237,Exposed
948,LEU,20.737741470336914,10.317284313600455,Burried
949,GLN,107.78875732421875,47.90611436631945,Exposed
950,ASP,242.4635009765625,125.62875698267486,Exposed
951,VAL,80.88999938964844,46.48850539634968,Exposed
952,VAL,92.91057586669922,53.39688268201105,Exposed
953,ASN,203.3451385498047,104.27955823066908,Exposed
954,GLN,254.7694091796875,113.23084852430556,Exposed
955,ASN,50.154563903808594,25.720289181440304,Exposed
956,ALA,56.84974670410156,44.06957108845083,Exposed
957,GLN,259.3518981933594,115.26751030815971,Exposed
958,ALA,65.65119934082031,50.892402589783195,Exposed
959,LEU,37.37211227416992,18.593090683666627,Burried
960,ASN,114.41395568847656,58.67382342998798,Exposed
961,THR,70.4443588256836,40.956022573071856,Exposed
962,LEU,17.81140899658203,8.861397510737328,Burried
963,VAL,32.98480987548828,18.95678728476338,Burried
964,LYS,318.7748107910156,135.07407236907443,Exposed
965,GLN,23.314922332763672,10.36218770345052,Burried
966,LEU,56.046974182128906,27.884066757278063,Exposed
967,SER,162.31027221679688,104.71630465599799,Exposed
968,SER,32.5810432434082,21.020027898973034,Burried
969,ASN,114.67279815673828,58.80656315730168,Exposed
970,PHE,42.828853607177734,17.84535566965739,Burried
971,GLY,76.54399108886719,73.59999143160306,Exposed
972,ALA,41.233036041259766,31.96359383043393,Exposed
973,ILE,247.72544860839844,125.7489586844662,Exposed
974,SER,66.43527221679688,42.861465946320564,Exposed
975,SER,74.07632446289062,47.79117707283266,Exposed
976,VAL,134.8024444580078,77.47266922874012,Exposed
977,LEU,62.56550979614258,31.12711930156347,Exposed
978,ASN,223.9303436279297,114.83607365534856,Exposed
979,ASP,130.2779541015625,67.50153062257125,Exposed
980,ILE,0.17954489588737488,0.09113954105958115,Burried
981,LEU,156.68418884277344,77.95233275759873,Exposed
982,SER,128.99803161621094,83.2245365265877,Exposed
983,ARG,242.64370727539062,88.556097545763,Exposed
984,LEU,99.11524963378906,49.311069469546794,Exposed
985,ASP,178.5230255126953,92.49897694958307,Exposed
986,PRO,267.6603698730469,168.33985526606722,Exposed
987,PRO,214.86312866210938,135.13404318371659,Exposed
988,GLU,296.4648132324219,132.94386243606363,Exposed
989,ALA,11.268488883972168,8.735262700753617,Burried
990,GLU,242.13375854492188,108.58016078247618,Exposed
991,VAL,197.8917694091797,113.73090195929866,Exposed
992,GLN,61.14550018310547,27.175777859157986,Exposed
993,ILE,16.737150192260742,8.49601532602068,Burried
994,ASP,105.04863739013672,54.429345797998295,Exposed
995,ARG,309.32635498046875,112.8928302848426,Exposed
996,LEU,9.045422554016113,4.500210225878663,Burried
997,ILE,5.253488540649414,2.6667454521063014,Burried
998,THR,208.9365997314453,121.47476728572401,Exposed
999,GLY,19.28493881225586,18.543210396399864,Burried
1000,ARG,49.68727111816406,18.134040554074478,Burried
1001,LEU,39.61329650878906,19.708107715815455,Burried
1002,GLN,195.78076171875,87.013671875,Exposed
1003,SER,26.849834442138672,17.32247383363785,Burried
1004,LEU,13.225850105285645,6.580024928002809,Burried
1005,GLN,114.80150604248047,51.02289157443577,Exposed
1006,THR,54.121368408203125,31.465911865234375,Exposed
1007,TYR,57.50004959106445,21.863136726640477,Burried
1008,VAL,13.756669998168945,7.906132182855716,Burried
1009,THR,79.365966796875,46.14300395167151,Exposed
1010,GLN,152.59768676757812,67.82119411892361,Exposed
1011,GLN,25.73750877380371,11.438892788357204,Burried
1012,LEU,110.81552124023438,55.13210011951959,Exposed
1013,ILE,105.2636947631836,53.43334759552467,Exposed
1014,ARG,161.3944549560547,58.90308575038492,Exposed
1015,ALA,8.242962837219238,6.389893672262975,Burried
1016,ALA,171.28811645507812,132.78148562409157,Exposed
1017,GLU,353.4283142089844,158.48803327757145,Exposed
1018,ILE,38.218406677246094,19.400206435150302,Burried
1019,ARG,154.77626037597656,56.487686268604584,Exposed
1020,ALA,185.31686401367188,143.6564837315286,Exposed
1021,SER,68.0126724243164,43.87914349955897,Exposed
1022,ALA,0.0,0.0,Burried
1023,ASN,196.36671447753906,100.7008792192508,Exposed
1024,LEU,223.90411376953125,111.39508147737874,Exposed
1025,ALA,0.0,0.0,Burried
1026,ALA,38.13631057739258,29.563031455343086,Exposed
1027,THR,136.51539611816406,79.3694163477698,Exposed
1028,LYS,32.065860748291016,13.587229130631787,Burried
1029,MET,0.2191658914089203,0.09784191580755369,Burried
1030,SER,37.183250427246094,23.98919382402974,Burried
1031,GLU,28.02251625061035,12.566150785027064,Burried
1032,CYS,3.196514844894409,1.914080745445754,Burried
1033,VAL,8.68557071685791,4.991707308539029,Burried
1034,LEU,18.188690185546875,9.049099594799442,Burried
1035,GLY,10.159892082214355,9.769127002129188,Burried
1036,GLN,105.30623626708984,46.802771674262154,Exposed
1037,SER,51.07727813720703,32.95308266916583,Exposed
1038,LYS,408.2685852050781,172.99516322249073,Exposed
1039,ARG,125.56491088867188,45.8266098133839,Exposed
1040,VAL,124.69548797607422,71.66407354946794,Exposed
1041,ASP,168.21461486816406,87.15783153790883,Exposed
1042,PHE,68.80778503417969,28.669910430908203,Exposed
1043,CYS,12.143479347229004,7.271544519298804,Burried
1044,GLY,61.850364685058594,59.471504504864036,Exposed
1045,LYS,307.9752502441406,130.497987391585,Exposed
1046,GLY,51.37161636352539,49.39578496492826,Exposed
1047,TYR,153.24612426757812,58.26848831466849,Exposed
1048,HIS,39.741764068603516,17.741858959197998,Burried
1049,LEU,1.9170714616775513,0.9537668963569907,Burried
1050,MET,23.752525329589844,10.603805950709752,Burried
1051,SER,2.8213677406311035,1.820237252020067,Burried
1052,PHE,9.733842849731445,4.055767854054769,Burried
1053,PRO,2.79815411567688,1.7598453557716227,Burried
1054,GLN,5.449555397033691,2.422024620903863,Burried
1055,SER,10.46098804473877,6.749024544992754,Burried
1056,ALA,27.284576416015625,21.150834431019863,Burried
1057,PRO,89.3177719116211,56.174699315484965,Exposed
1058,HIS,226.3976593017578,101.07038361685616,Exposed
1059,GLY,12.596925735473633,12.11242859180157,Burried
1060,VAL,0.0,0.0,Burried
1061,VAL,18.82349395751953,10.818099975585938,Burried
1062,PHE,0.7493696808815002,0.31223736703395844,Burried
1063,LEU,12.708602905273438,6.322688012573849,Burried
1064,HIS,14.327423095703125,6.396171024867467,Burried
1065,VAL,20.12602424621582,11.566680601273461,Burried
1066,THR,3.847362518310547,2.236838673436364,Burried
1067,TYR,2.3997116088867188,0.912437874101414,Burried
1068,VAL,90.58108520507812,52.058094945447195,Exposed
1069,PRO,94.16492462158203,59.22322303244153,Exposed
1070,ALA,69.9940185546875,54.25892911216085,Exposed
1071,GLN,352.96734619140625,156.87437608506946,Exposed
1072,GLU,263.230224609375,118.04045946608743,Exposed
1073,LYS,324.85491943359375,137.65038959050582,Exposed
1074,ASN,342.1822814941406,175.47809307391827,Exposed
1075,PHE,63.835269927978516,26.598029136657715,Exposed
1076,THR,168.32278442382812,97.86208396734193,Exposed
1077,THR,31.622493743896484,18.385170781335166,Burried
1078,ALA,12.254340171813965,9.499488505282143,Burried
1079,PRO,55.093589782714844,34.65005646711625,Exposed
1080,ALA,0.0,0.0,Burried
1081,ILE,1.6471666097640991,0.8361251826213701,Burried
1082,CYS,53.373931884765625,31.960438254350677,Exposed
1083,HIS,208.5390167236328,93.09777532305036,Exposed
1084,ASP,353.9826354980469,183.41069196789994,Exposed
1085,GLY,114.59175872802734,110.18438339233398,Exposed
1086,LYS,259.2508239746094,109.85204405703787,Exposed
1087,ALA,1.7009735107421875,1.3185841168544088,Burried
1088,HIS,69.55906677246094,31.053154809134348,Exposed
1089,PHE,3.4012367725372314,1.4171819885571797,Burried
1090,PRO,25.581348419189453,16.08889837684871,Burried
1091,ARG,405.49078369140625,147.9893371136519,Exposed
1092,GLU,379.72625732421875,170.28083288081558,Exposed
1093,GLY,8.162936210632324,7.8489771256080045,Burried
1094,VAL,15.690594673156738,9.017583145492377,Burried
1095,PHE,5.186243534088135,2.160934805870056,Burried
1096,VAL,2.1135451793670654,1.214681137567279,Burried
1097,SER,34.19346237182617,22.060298304403982,Burried
1098,ASN,287.8907165527344,147.63626489883814,Exposed
1099,GLY,196.11329650878906,188.57047741229718,Exposed
1100,THR,383.2013244628906,222.79146771098291,Exposed
1101,HIS,292.49029541015625,130.57602473667689,Exposed
1102,TRP,109.03395080566406,38.25752659847862,Exposed
1103,PHE,120.46483612060547,50.193681716918945,Exposed
1104,VAL,38.25880813598633,21.987820767808234,Burried
1105,THR,9.8446044921875,5.7236072628997094,Burried
1106,GLN,57.45612716674805,25.53605651855469,Exposed
1107,ARG,229.59329223632812,83.79317234902486,Exposed
1108,ASN,101.03929901123047,51.81502513396434,Exposed
1109,PHE,76.7696533203125,31.987355550130207,Exposed
1110,TYR,167.65785217285156,63.748232765342806,Exposed
1111,GLU,140.37916564941406,62.9502984974951,Exposed
1112,PRO,171.22555541992188,107.68902856598861,Exposed
1113,GLN,251.96815490722656,111.98584662543402,Exposed
1114,ILE,292.43603515625,148.4446878965736,Exposed
1115,ILE,20.3175106048584,10.313457159826598,Burried
1116,THR,64.0221939086914,37.22220576086709,Exposed
1117,THR,198.4912872314453,115.40191118107286,Exposed
1118,ASP,293.8671875,152.2627914507772,Exposed
1119,ASN,109.82300567626953,56.31949009039463,Exposed
1120,THR,17.548437118530273,10.20257972007574,Burried
1121,PHE,173.2308349609375,72.1795145670573,Exposed
1122,VAL,239.81161499023438,137.82276723576686,Exposed
1123,SER,57.469844818115234,37.0773192374937,Exposed
1124,GLY,98.84883880615234,95.0469603905311,Exposed
1125,ASN,244.84689331054688,125.56250939002405,Exposed
1126,CYS,110.92090606689453,66.41970423167336,Exposed
1127,ASP,364.9958801269531,189.11703633520887,Exposed
1128,VAL,195.97152709960938,112.62731442506286,Exposed
1129,VAL,47.47705078125,27.28566136853448,Exposed
1130,ILE,303.3788146972656,153.99939832348508,Exposed
1131,GLY,131.04928588867188,126.00892873910756,Exposed
1132,ILE,137.4993133544922,69.79660576370162,Exposed
1133,VAL,110.73148345947266,63.638783597398074,Exposed
1134,ASN,385.0357666015625,197.45423928285257,Exposed
1135,ASN,143.53636169433594,73.60839061247997,Exposed
1136,THR,257.643798828125,149.7929062954215,Exposed
1137,VAL,39.29721450805664,22.584606039113012,Burried
1138,TYR,311.4507751464844,118.42234796444274,Exposed
1139,ASP,216.8545379638672,112.359864229983,Exposed
1140,PRO,151.18496704101562,95.08488493145637,Exposed
1141,LEU,159.0845489501953,79.14654176626632,Exposed
1142,GLN,214.23284912109375,95.214599609375,Exposed
1143,PRO,220.1346893310547,138.4494901453174,Exposed
1144,GLU,347.4762878417969,155.81896315775646,Exposed
1145,LEU,197.06858825683594,98.04407375961986,Exposed
1146,ASP,261.3569641113281,135.41811611985912,Exposed
1147,SER,247.67977905273438,159.79340584047378,Exposed
27,ALA,252.6768341064453,195.87351481119794,Exposed
28,TYR,472.7987365722656,179.7713827270972,Exposed
29,THR,88.99701690673828,51.74245168996412,Exposed
30,ASN,139.51531982421875,71.54631785857372,Exposed
31,SER,4.915101051330566,3.171032936342301,Burried
32,PHE,152.7155303955078,63.63147099812826,Exposed
33,THR,100.27523040771484,58.29955256262491,Exposed
34,ARG,34.740997314453125,12.679196100165374,Burried
35,GLY,16.883007049560547,16.233660624577446,Burried
36,VAL,7.106565475463867,4.084233031875786,Burried
37,TYR,4.678172588348389,1.7787728472807562,Burried
38,TYR,37.8286018371582,14.383498797398556,Burried
39,PRO,118.63536071777344,74.613434413694,Exposed
40,ASP,173.53103637695312,89.91245408132286,Exposed
41,LYS,251.36520385742188,106.5106796006025,Exposed
42,VAL,29.246549606323242,16.808361842714508,Burried
43,PHE,29.80076026916504,12.416983445485434,Burried
44,ARG,75.1552963256836,27.428940264848027,Exposed
45,SER,132.72055053710938,85.62616163684476,Exposed
46,SER,250.71263122558594,161.75008466166832,Exposed
47,VAL,78.36893463134766,45.03961760422279,Exposed
48,LEU,209.9852294921875,104.47026342894901,Exposed
49,HIS,164.31666564941406,73.35565430777413,Exposed
50,SER,164.9547576904297,106.42242431640625,Exposed
51,THR,56.89694595336914,33.0796197403309,Exposed
52,GLN,382.06842041015625,169.80818684895834,Exposed
53,ASP,142.46575927734375,73.81645558411594,Exposed
54,LEU,117.73768615722656,58.57596326230178,Exposed
55,PHE,3.1785857677459717,1.3244107365608215,Burried
56,LEU,16.170291900634766,8.044921343599386,Burried
57,PRO,28.755399703979492,18.085157046527982,Burried
58,PHE,51.232704162597656,21.346960067749023,Burried
59,PHE,329.8849792480469,137.4520746866862,Exposed
60,SER,81.61666107177734,52.65591036888861,Exposed
61,ASN,326.83172607421875,167.60601337139423,Exposed
62,VAL,3.910268783569336,2.2472809100973197,Burried
63,THR,122.4869384765625,71.21333632358285,Exposed
64,TRP,189.77914428710938,66.58917343407347,Exposed
65,PHE,129.17999267578125,53.82499694824219,Exposed
66,HIS,254.37933349609375,113.56220245361328,Exposed
67,ALA,145.9278106689453,113.12233385189559,Exposed
68,ILE,355.3299255371094,180.3705205772129,Exposed
69,HIS,629.0474243164062,280.82474299839566,Exposed
80,ASP,322.09161376953125,166.8868465127105,Exposed
81,ASN,119.74537658691406,61.407885429186706,Exposed
82,PRO,154.90460205078125,97.42427801935928,Exposed
83,VAL,204.21017456054688,117.36216928767062,Exposed
84,LEU,69.27790069580078,34.46661726159243,Exposed
85,PRO,180.3189239501953,113.40812827056308,Exposed
86,PHE,37.99509048461914,15.831287701924643,Burried
87,ASN,313.7386474609375,160.89161408253204,Exposed
88,ASP,211.66342163085938,109.67016664811366,Exposed
89,GLY,0.9145938158035278,0.8794171305803152,Burried
90,VAL,1.728417158126831,0.993343194325765,Burried
91,TYR,6.695953845977783,2.5459900555048605,Burried
92,PHE,12.250948905944824,5.104562044143677,Burried
93,ALA,0.18202930688858032,0.14110798983610878,Burried
94,SER,18.13461685180664,11.699752807617188,Burried
95,THR,51.446807861328125,29.91093480309775,Exposed
96,GLU,68.51203155517578,30.72288410545999,Exposed
97,LYS,381.0154724121094,161.4472340729277,Exposed
98,SER,257.6065979003906,166.19780509702622,Exposed
99,ASN,296.0341796875,151.8123998397436,Exposed
100,ILE,187.01686096191406,94.93241673193607,Exposed
101,ILE,64.02645874023438,32.50074047727633,Exposed
102,ARG,167.51683044433594,61.13752935924669,Exposed
103,GLY,2.777735471725464,2.6708994920437155,Burried
104,TRP,55.74861145019531,19.560916298314147,Burried
105,ILE,17.551307678222656,8.909293237676476,Burried
106,PHE,2.7436039447784424,1.143168310324351,Burried
107,GLY,6.283111095428467,6.041452976373526,Burried
108,THR,99.41630554199219,57.80017764069313,Exposed
109,THR,176.54884338378906,102.64467638592387,Exposed
110,LEU,119.52931213378906,59.467319469546794,Exposed
111,ASP,306.0428771972656,158.5714389623138,Exposed
112,SER,177.81703186035156,114.72066571635584,Exposed
113,LYS,433.3026123046875,183.60280182402013,Exposed
114,THR,142.12994384765625,82.63368828352108,Exposed
115,GLN,146.61080932617188,65.16035970052083,Exposed
116,SER,3.7471699714660645,2.417529013849074,Burried
117,LEU,4.671651840209961,2.324204895626846,Burried
118,LEU,12.556912422180176,6.247220110537401,Burried
119,ILE,51.98284149169922,26.387229183603665,Exposed
120,VAL,86.3182373046875,49.60818235901581,Exposed
121,ASN,156.2948760986328,80.1512185121194,Exposed
122,ASN,246.2957763671875,126.30552634214745,Exposed
123,ALA,263.49462890625,204.259402252907,Exposed
124,THR,318.2987060546875,185.0573872410974,Exposed
125,ASN,150.87838745117188,77.37353202624199,Exposed
126,VAL,151.80918884277344,87.24666025446749,Exposed
127,VAL,100.21029663085938,57.59212450049389,Exposed
128,ILE,40.48883056640625,20.55270587127221,Burried
129,LYS,101.31546020507812,42.930279747914454,Exposed
130,VAL,16.819795608520508,9.666549200299142,Burried
131,CYS,6.436703681945801,3.8543135820034733,Burried
132,GLU,68.84456634521484,30.872002845387826,Exposed
133,PHE,9.43345832824707,3.930607636769613,Burried
134,GLN,323.8747863769531,143.94434950086804,Exposed
135,PHE,114.06134796142578,47.52556165059408,Exposed
136,CYS,133.27011108398438,79.80246172693674,Exposed
137,ASN,319.3587951660156,163.77374111077725,Exposed
138,ASP,199.24838256835938,103.23750392142972,Exposed
139,PRO,63.150962829589844,39.71758668527663,Exposed
140,PHE,154.1103057861328,64.21262741088867,Exposed
141,LEU,106.02538299560547,52.748946763982815,Exposed
142,GLY,77.37647247314453,74.40045430110051,Exposed
143,VAL,437.15301513671875,251.23736502110273,Exposed
159,VAL,403.9038391113281,232.12864316742997,Exposed
160,TYR,214.0502471923828,81.38792668911894,Exposed
161,SER,196.32098388671875,126.65869928175404,Exposed
162,SER,121.98451232910156,78.69968537361392,Exposed
163,ALA,218.8946990966797,169.68581325324007,Exposed
164,ASN,224.5360107421875,115.14667217548077,Exposed
165,ASN,329.32501220703125,168.8846216446314,Exposed
166,CYS,173.0054168701172,103.5960580060582,Exposed
167,THR,214.2725830078125,124.57708314407702,Exposed
168,PHE,157.565673828125,65.65236409505208,Exposed
169,GLU,341.02716064453125,152.9269778675028,Exposed
170,TYR,241.85800170898438,91.96121737984197,Exposed
171,VAL,273.1336975097656,156.97338937342852,Exposed
172,SER,248.9191436767578,160.5929959204889,Exposed
186,PHE,329.1524963378906,137.1468734741211,Exposed
187,LYS,372.39093017578125,157.79276702363612,Exposed
188,ASN,156.8029327392578,80.41176037910657,Exposed
189,LEU,3.462920665740967,1.72284610235869,Burried
190,ARG,233.1119842529297,85.07736651566778,Exposed
191,GLU,11.399080276489258,5.111695191250789,Burried
192,PHE,97.48339080810547,40.61807950337728,Exposed
193,VAL,3.924018383026123,2.2551829787506454,Burried
194,PHE,8.180234909057617,3.408431212107341,Burried
195,LYS,51.74931335449219,21.927675150208554,Burried
196,ASN,108.52394104003906,55.65330309745593,Exposed
197,ILE,253.3220672607422,128.58988185824475,Exposed
198,ASP,328.19915771484375,170.05137705432318,Exposed
199,GLY,48.68344497680664,46.811004785391006,Exposed
200,TYR,172.86325073242188,65.72747176137715,Exposed
201,PHE,0.3876282274723053,0.16151176144679386,Burried
202,LYS,165.30490112304688,70.0444496284097,Exposed
203,ILE,41.878517150878906,21.25813053344107,Burried
204,TYR,48.02476119995117,18.260365475266603,Burried
205,SER,85.3414077758789,55.058972758631555,Exposed
206,LYS,198.45127868652344,84.08952486717095,Exposed
207,HIS,379.55023193359375,169.4420678274972,Exposed
208,THR,125.56149291992188,73.00086797669877,Exposed
209,PRO,322.4743347167969,202.81404699169613,Exposed
210,ILE,51.829833984375,26.3095603981599,Exposed
211,ASN,433.4294128417969,222.27149376502405,Exposed
212,LEU,282.096435546875,140.346485346704,Exposed
213,VAL,351.8743591308594,202.2266431786548,Exposed
214,ARG,327.24365234375,119.4319899064781,Exposed
215,ASP,142.31277465820312,73.73718894207416,Exposed
216,LEU,25.68190574645996,12.77706753555222,Burried
217,PRO,93.37226104736328,58.724692482618416,Exposed
218,GLN,365.5970153808594,162.48756239149304,Exposed
219,GLY,115.19355010986328,110.76302895179163,Exposed
220,PHE,168.71107482910156,70.29628117879231,Exposed
221,SER,82.92841339111328,53.502202187815016,Exposed
222,ALA,31.750099182128906,24.612479986146436,Burried
223,LEU,5.718746662139893,2.845147593104424,Burried
224,GLU,176.4621124267578,79.13099211962233,Exposed
225,PRO,123.84955596923828,77.89280249637628,Exposed
226,LEU,296.2178039550781,147.3720417686956,Exposed
227,VAL,116.23426818847656,66.80130355659573,Exposed
228,ASP,202.4507598876953,104.89676678118929,Exposed
229,LEU,27.938671112060547,13.899836374159477,Burried
230,PRO,119.8293685913086,75.3643827618293,Exposed
231,ILE,54.89182662963867,27.86387138560339,Exposed
232,GLY,67.73299407958984,65.12787892268254,Exposed
233,ILE,72.75730895996094,36.93264414211215,Exposed
234,ASN,268.6703186035156,137.77965056590546,Exposed
235,ILE,58.49903869628906,29.694943500654347,Exposed
236,THR,203.63381958007812,118.39175556981287,Exposed
237,ARG,271.27484130859375,99.00541653598312,Exposed
238,PHE,14.20565128326416,5.919021368026733,Burried
239,GLN,64.13546752929688,28.504652235243057,Exposed
240,THR,28.5776424407959,16.61490839581157,Burried
241,LEU,40.79409408569336,20.295569196862367,Burried
242,LEU,88.11732482910156,43.83946508910525,Exposed
243,ALA,92.70549774169922,71.86472693154978,Exposed
244,LEU,208.96890258789062,103.96462815317942,Exposed
245,HIS,439.7359313964844,196.31068365914481,Exposed
246,ARG,509.96392822265625,186.11822197907162,Exposed
247,SER,271.66021728515625,175.26465631300402,Exposed
248,TYR,425.37103271484375,161.7380352527923,Exposed
249,LEU,409.4317932128906,203.69740955865203,Exposed
250,THR,191.4090118408203,111.28430920977925,Exposed
251,PRO,293.52484130859375,184.60681843307782,Exposed
265,TYR,32.587425231933594,12.3906559817238,Burried
266,TYR,13.454487800598145,5.11577482912477,Burried
267,VAL,10.907306671142578,6.268567052380793,Burried
268,GLY,5.369840621948242,5.163308290334848,Burried
269,TYR,212.44224548339844,80.77651919520854,Exposed
270,LEU,23.044795989990234,11.465072631835938,Burried
271,GLN,252.87232971191406,112.38770209418402,Exposed
272,PRO,275.5221862792969,173.28439388635024,Exposed
273,ARG,101.25410461425781,36.95405277892621,Exposed
274,THR,143.46267700195312,83.40853314067043,Exposed
275,PHE,3.151432514190674,1.3130968809127808,Burried
276,LEU,7.057404041290283,3.5111462891991456,Burried
277,LEU,0.7596067786216736,0.37791382020978787,Burried
278,LYS,245.3236083984375,103.95068152476166,Exposed
279,TYR,31.417644500732422,11.945872433738563,Burried
280,ASN,138.9552001953125,71.25907702323718,Exposed
281,GLU,375.8853454589844,168.55845087846834,Exposed
282,ASN,255.8712921142578,131.21604723808093,Exposed
283,GLY,3.9534592628479004,3.8014031373537502,Burried
284,THR,146.7130889892578,85.29830755189408,Exposed
285,ILE,22.168325424194336,11.252957068118953,Burried
286,THR,203.20013427734375,118.13961295194404,Exposed
287,ASP,191.2715606689453,99.10443557976441,Exposed
288,ALA,34.67866516113281,26.882686171420783,Exposed
289,VAL,37.178646087646484,21.367037981406025,Burried
290,ASP,10.86599349975586,5.630048445469357,Burried
291,CYS,59.48823547363281,35.62169788840288,Exposed
292,ALA,92.04622650146484,71.35366395462391,Exposed
293,LEU,61.270545959472656,30.4828586863048,Exposed
294,ASP,109.56816864013672,56.77107183426773,Exposed
295,PRO,2.2317731380462646,1.4036309044316129,Burried
296,LEU,44.75205612182617,22.264704538221977,Burried
297,SER,41.6000862121582,26.838765298166585,Exposed
298,GLU,77.68744659423828,34.83741999741627,Exposed
299,THR,3.5697708129882812,2.07544814708621,Burried
300,LYS,112.97164916992188,47.869342868610964,Exposed
301,CYS,51.39731979370117,30.77683819982106,Exposed
302,THR,186.9967803955078,108.71905836948127,Exposed
303,LEU,216.45135498046875,107.68724128381531,Exposed
304,LYS,336.009521484375,142.37691588320976,Exposed
305,SER,88.7557373046875,57.26176600302419,Exposed
306,PHE,149.90867614746094,62.46194839477539,Exposed
307,THR,270.63543701171875,157.3461843091388,Exposed
308,VAL,16.897165298461914,9.711014539345927,Burried
309,GLU,370.2728576660156,166.04164020897562,Exposed
310,LYS,311.2762756347656,131.89672696388374,Exposed
311,GLY,44.79265594482422,43.0698614854079,Exposed
312,ILE,185.2449951171875,94.03299244527284,Exposed
313,TYR,131.75537109375,50.09709927519012,Exposed
314,GLN,285.6331787109375,126.94807942708333,Exposed
315,THR,63.60527038574219,36.9798083638036,Exposed
316,SER,134.8765869140625,87.01715284778226,Exposed
317,ASN,206.6221160888672,105.96005953275241,Exposed
318,PHE,66.94195556640625,27.892481486002602,Exposed
319,ARG,177.46022033691406,64.76650377259638,Exposed
320,VAL,122.37628173828125,70.33119640131106,Exposed
321,GLN,268.0343322753906,119.1263699001736,Exposed
322,PRO,176.72750854492188,111.14937644334708,Exposed
323,THR,259.8002624511719,151.0466642157976,Exposed
324,GLU,203.3668212890625,91.19588398612667,Exposed
325,SER,234.81802368164062,151.49549914944555,Exposed
326,ILE,15.839317321777344,8.040262599886978,Burried
327,VAL,89.91773223876953,51.676857608488234,Exposed
328,ARG,71.03840637207031,25.92642568323734,Exposed
329,PHE,46.85167694091797,19.52153205871582,Burried
330,PRO,139.5337371826172,87.75706741045106,Exposed
331,ASN,366.4857482910156,187.941409380008,Exposed
332,ILE,197.2545928955078,100.12923497233899,Exposed
333,THR,362.93267822265625,211.00737105968386,Exposed
334,ASN,240.5174560546875,123.34228515625001,Exposed
335,LEU,375.2264099121094,186.67980592642257,Exposed
336,CYS,54.94624328613281,32.90194208750468,Exposed
337,PRO,161.74319458007812,101.72527961011201,Exposed
338,PHE,114.37921905517578,47.65800793965658,Exposed
339,GLY,139.6714324951172,134.2994543222281,Exposed
340,GLU,312.09368896484375,139.95232689006448,Exposed
341,VAL,47.10862731933594,27.073923746744793,Exposed
342,PHE,90.96941375732422,37.90392239888509,Exposed
343,ASN,380.6141357421875,195.1867362780449,Exposed
344,ALA,85.74943542480469,66.4724305618641,Exposed
345,THR,342.3660888671875,199.05005166696947,Exposed
346,ARG,531.9942016601562,194.15846775918112,Exposed
347,PHE,54.72922897338867,22.803845405578613,Burried
348,ALA,80.10753631591797,62.09886536117673,Exposed
349,SER,44.562538146972656,28.750024610950103,Exposed
350,VAL,5.276916027069092,3.032710360384536,Burried
351,TYR,166.37265014648438,63.259562793340066,Exposed
352,ALA,95.45980834960938,73.99985143380572,Exposed
353,TRP,45.098655700683594,15.824089719538105,Burried
354,ASN,228.5713348388672,117.21606914813702,Exposed
355,ARG,323.2921447753906,117.98983385963162,Exposed
356,LYS,214.98558044433594,91.09558493404066,Exposed
357,ARG,378.1851501464844,138.02377742572423,Exposed
358,ILE,31.77487564086914,16.129378497903115,Burried
359,SER,111.59815216064453,71.99880784557712,Exposed
360,ASN,230.4033660888672,118.15557235326521,Exposed
361,CYS,14.201191902160645,8.503707725844697,Burried
362,VAL,99.31659698486328,57.078504014289244,Exposed
363,ALA,8.37249755859375,6.490308184956395,Burried
364,ASP,171.13124084472656,88.6690367071122,Exposed
365,TYR,76.89544677734375,29.237812462868344,Exposed
366,SER,117.86335754394531,76.04087583480343,Exposed
367,VAL,249.20803833007812,143.22301053452767,Exposed
368,LEU,46.794498443603516,23.28084499681767,Burried
369,TYR,140.8480682373047,53.55439856931737,Exposed
370,ASN,214.79393005371094,110.1507333608774,Exposed
371,SER,199.6461181640625,128.80394720262098,Exposed
372,ALA,180.6000518798828,140.0000402169634,Exposed
373,SER,231.45803833007812,149.32776666456652,Exposed
374,PHE,130.4755401611328,54.36480840047201,Exposed
375,SER,212.773681640625,137.27334299395162,Exposed
376,THR,117.29238891601562,68.19324936977652,Exposed
377,PHE,110.85266876220703,46.18861198425293,Exposed
378,LYS,299.25689697265625,126.80376990366791,Exposed
379,CYS,76.28514099121094,45.67972514443769,Exposed
380,TYR,234.37290954589844,89.11517473228078,Exposed
381,GLY,104.83570098876953,100.80355864304762,Exposed
382,VAL,34.83795928955078,20.021815683649873,Burried
383,SER,87.61957550048828,56.52875838741179,Exposed
384,PRO,108.39286041259766,68.17161032238846,Exposed
385,THR,216.6556854248047,125.962607805119,Exposed
386,LYS,239.65646362304688,101.54934899281646,Exposed
387,LEU,24.904369354248047,12.390233509576143,Burried
388,ASN,87.61406707763672,44.93029080904447,Exposed
389,ASP,235.73028564453125,122.1400443754048,Exposed
390,LEU,96.83975219726562,48.17898119266947,Exposed
391,CYS,71.1405029296875,42.59910355071108,Exposed
392,PHE,27.895553588867188,11.623147328694662,Burried
393,THR,37.65453338623047,21.89217057338981,Burried
394,ASN,96.94086456298828,49.71326387845553,Exposed
395,VAL,19.754167556762695,11.352969860208445,Burried
396,TYR,126.91490936279297,48.256619529579076,Exposed
397,ALA,10.986804008483887,8.516902332158052,Burried
398,ASP,10.756852149963379,5.573498523297087,Burried
399,SER,32.972625732421875,21.272661762852824,Burried
400,PHE,2.729782819747925,1.137409508228302,Burried
401,VAL,9.028454780578613,5.1887671152750645,Burried
402,ILE,9.67087459564209,4.909073398803091,Burried
403,ARG,159.29080200195312,58.135329197793105,Exposed
404,GLY,53.0748405456543,51.033500524667595,Exposed
405,ASP,181.2918243408203,93.93358774135767,Exposed
406,GLU,69.39420318603516,31.11847676503819,Exposed
407,VAL,165.75534057617188,95.26168998630567,Exposed
408,ARG,401.60498046875,146.57116075501824,Exposed
409,GLN,51.64244079589844,22.952195909288196,Burried
410,ILE,34.371463775634766,17.447443540931353,Burried
411,ALA,58.812355041503906,45.590972900390625,Exposed
412,PRO,106.5128173828125,66.98919332252359,Exposed
413,GLY,108.07347106933594,103.91679910513072,Exposed
414,GLN,232.9180908203125,103.51915147569444,Exposed
415,THR,182.3289794921875,106.00522063499274,Exposed
416,GLY,38.381797790527344,36.905574798583984,Exposed
417,LYS,218.40574645996094,92.54480782201735,Exposed
418,ILE,13.000411987304688,6.59919390218512,Burried
419,ALA,18.976953506469727,14.71081667168196,Burried
420,ASP,102.44023132324219,53.07784006385605,Exposed
421,TYR,142.01931762695312,53.99974054256773,Exposed
422,ASN,8.458061218261719,4.3374672914162655,Burried
423,TYR,14.803349494934082,5.628649998073795,Burried
424,LYS,117.33370971679688,49.717673608812234,Exposed
425,LEU,33.14736557006836,16.491226651775303,Burried
426,PRO,73.59049224853516,46.28332845819821,Exposed
427,ASP,315.46142578125,163.4515159488342,Exposed
428,ASP,389.2837829589844,201.7014419476603,Exposed
429,PHE,45.97243118286133,19.155179659525555,Burried
430,THR,102.5963363647461,59.64903277020122,Exposed
431,GLY,0.0,0.0,Burried
432,CYS,16.74711036682129,10.02820980049179,Burried
433,VAL,46.9913330078125,27.006513222880745,Exposed
434,ILE,9.077990531921387,4.608117021279892,Burried
435,ALA,12.161447525024414,9.427478701569312,Burried
436,TRP,107.82431030273438,37.83309133429276,Exposed
437,ASN,260.057861328125,133.3630058092949,Exposed
438,SER,22.405941009521484,14.455445812594506,Burried
439,ASN,149.06082153320312,76.44144694010416,Exposed
440,ASN,401.6133117675781,205.95554449619394,Exposed
441,LEU,324.7833251953125,161.58374387826493,Exposed
442,ASP,12.339309692382812,6.393424711079178,Burried
443,SER,49.68878936767578,32.05728346301663,Exposed
444,LYS,412.7802734375,174.90689552436442,Exposed
445,VAL,115.6259765625,66.45171066810344,Exposed
446,GLY,78.65229797363281,75.62720959003155,Exposed
447,GLY,82.70122528076172,79.52040892380936,Exposed
448,ASN,36.78168869018555,18.86240445650541,Burried
449,TYR,416.6391906738281,158.41794322198788,Exposed
450,ASN,251.96109008789062,129.2108154296875,Exposed
451,TYR,42.03080749511719,15.981295625519842,Burried
452,LEU,137.59552001953125,68.4554825967817,Exposed
453,TYR,98.6419906616211,37.50646032761259,Exposed
454,ARG,38.61399459838867,14.092698758536013,Burried
455,LEU,130.3308868408203,64.84123723423896,Exposed
456,PHE,186.8396453857422,77.84985224405925,Exposed
457,ARG,120.80917358398438,44.09093926422788,Exposed
458,LYS,405.5693664550781,171.85142646401616,Exposed
459,SER,203.48826599121094,131.28275225239418,Exposed
460,ASN,290.83599853515625,149.14666591546475,Exposed
461,LEU,54.3829345703125,27.056186353389304,Exposed
462,LYS,369.23187255859375,156.45418328753973,Exposed
463,PRO,162.96688842773438,102.49489838222287,Exposed
464,PHE,172.5835418701172,71.90980911254883,Exposed
465,GLU,161.64840698242188,72.4880748800098,Exposed
466,ARG,258.1669616699219,94.22151885763571,Exposed
467,ASP,95.72684478759766,49.599401444351116,Exposed
468,ILE,231.40098571777344,117.46242929836215,Exposed
469,SER,131.03680419921875,84.53987367691532,Exposed
470,THR,280.642822265625,163.16443154978197,Exposed
471,GLU,360.6999816894531,161.74887071275924,Exposed
472,ILE,121.50463104248047,61.67747768653831,Exposed
473,TYR,172.71218872070312,65.67003373410765,Exposed
474,GLN,195.84996032714844,87.04442681206596,Exposed
475,ALA,170.9864044189453,132.5476003247638,Exposed
476,GLY,77.87339782714844,74.87826714148889,Exposed
477,SER,339.8151550292969,219.23558388986896,Exposed
478,THR,180.38282775878906,104.8737370690634,Exposed
479,PRO,301.23126220703125,189.4536240295794,Exposed
480,CYS,55.97455596923828,33.51769818517262,Exposed
481,ASN,413.95098876953125,212.28255834334936,Exposed
482,GLY,164.75660705566406,158.41981447660004,Exposed
483,VAL,292.16064453125,167.90841639727012,Exposed
484,GLU,304.593505859375,136.5890160804372,Exposed
485,GLY,154.183837890625,148.2536902794471,Exposed
486,PHE,377.36737060546875,157.2364044189453,Exposed
487,ASN,207.36038208007812,106.33865747696314,Exposed
488,CYS,38.43412399291992,23.01444550474247,Burried
489,TYR,295.7932434082031,112.46891384342324,Exposed
490,PHE,290.0660400390625,120.86085001627605,Exposed
491,PRO,13.368915557861328,8.408122992365614,Burried
492,LEU,74.077880859375,36.85466709421642,Exposed
493,GLN,253.6310577392578,112.72491455078124,Exposed
493,GLN,253.6310577392578,112.72491455078124,Exposed
494,SER,98.71822357177734,63.68917649792086,Exposed
495,TYR,56.67271423339844,21.548560545018418,Burried
496,GLY,126.59326934814453,121.72429745013898,Exposed
497,PHE,8.850151062011719,3.687562942504883,Burried
498,GLN,214.7825927734375,95.45893012152777,Exposed
499,PRO,216.5975341796875,136.2248642639544,Exposed
500,THR,345.1923522949219,200.69322807844293,Exposed
501,ASN,236.8011474609375,121.43648587740385,Exposed
502,GLY,112.71566772460938,108.38044973520131,Exposed
503,VAL,324.4434509277344,186.4617534067439,Exposed
504,GLY,70.27952575683594,67.5764670738807,Exposed
505,TYR,292.3457336425781,111.1580736283567,Exposed
506,GLN,110.38880157470703,49.061689588758675,Exposed
507,PRO,3.9550302028656006,2.487440379160755,Burried
508,TYR,116.7003402709961,44.37275295475136,Exposed
509,ARG,56.19504165649414,20.50913929069129,Burried
510,VAL,12.545907974243164,7.210291939220209,Burried
511,VAL,5.4854960441589355,3.1525839334246757,Burried
512,VAL,3.8793582916259766,2.229516259555159,Burried
513,LEU,53.15795135498047,26.446741967651977,Exposed
514,SER,53.09114456176758,34.25235133017263,Exposed
515,PHE,61.55695724487305,25.64873218536377,Exposed
516,GLU,221.45140075683594,99.3055608775049,Exposed
517,LEU,183.46932983398438,91.27827354924595,Exposed
518,LEU,248.6737518310547,123.71828449306204,Exposed
519,HIS,284.5289611816406,127.02185767037528,Exposed
520,ALA,85.0508041381836,65.93085592107255,Exposed
521,PRO,156.0763397216797,98.16121995074194,Exposed
522,ALA,108.24807739257812,83.91323828882025,Exposed
523,THR,117.14679718017578,68.10860301173011,Exposed
524,VAL,14.418245315551758,8.28634788250101,Burried
525,CYS,53.0787239074707,31.783667010461496,Exposed
526,GLY,26.939403533935547,25.90327262878418,Exposed
527,PRO,139.7347412109375,87.88348503832547,Exposed
528,LYS,258.5620422363281,109.56018738827463,Exposed
529,LYS,485.2775573730469,205.62608363264698,Exposed
530,SER,149.63624572753906,96.53951337260584,Exposed
531,THR,170.7284393310547,99.26072054131086,Exposed
532,ASN,327.0466613769531,167.7162366035657,Exposed
533,LEU,149.45826721191406,74.35734687159903,Exposed
534,VAL,116.28398895263672,66.82987870841191,Exposed
535,LYS,218.22683715820312,92.46899879584878,Exposed
536,ASN,321.88641357421875,165.06995567908655,Exposed
537,LYS,232.7983856201172,98.64338373733779,Exposed
538,CYS,32.98203659057617,19.74972250932705,Burried
539,VAL,0.14612282812595367,0.08397863685399637,Burried
540,ASN,162.573974609375,83.37126903044872,Exposed
541,PHE,32.325286865234375,13.46886952718099,Burried
542,ASN,86.71810150146484,44.47082128280249,Exposed
543,PHE,16.31612777709961,6.798386573791504,Burried
544,ASN,147.24928283691406,75.51245273687901,Exposed
545,GLY,67.95401763916016,65.34040157611554,Exposed
546,LEU,102.29302215576172,50.89205082376205,Exposed
547,THR,165.09475708007812,95.98532388376636,Exposed
548,GLY,52.430686950683594,50.414122067964996,Exposed
549,THR,146.0430145263672,84.90872937579488,Exposed
550,GLY,0.179544135928154,0.1726385922386096,Burried
551,VAL,84.79621124267578,48.73345473716999,Exposed
552,LEU,11.261943817138672,5.602957122954563,Burried
553,THR,133.420166015625,77.56986396257267,Exposed
554,GLU,352.49127197265625,158.0678349653167,Exposed
555,SER,79.89694213867188,51.54641428301411,Exposed
556,ASN,430.9971923828125,221.0242012219551,Exposed
557,LYS,220.7627410888672,93.54353435968949,Exposed
558,LYS,395.75103759765625,167.69111762612553,Exposed
559,PHE,73.36366271972656,30.568192799886067,Exposed
560,LEU,116.1666488647461,57.7943526690279,Exposed
561,PRO,363.4311218261719,228.57303259507665,Exposed
562,PHE,90.96196746826172,37.90081977844238,Exposed
563,GLN,6.034238338470459,2.6818837059868708,Burried
564,GLN,135.0482177734375,60.02143012152777,Exposed
565,PHE,98.4168930053711,41.00703875223795,Exposed
566,GLY,5.148272514343262,4.9502620330223674,Burried
567,ARG,204.2113494873047,74.52968959390682,Exposed
568,ASP,124.35875701904297,64.43458912903782,Exposed
569,ILE,227.38209533691406,115.42238341975333,Exposed
570,ALA,12.883720397949219,9.987380153449006,Burried
571,ASP,158.7332763671875,82.2452209156412,Exposed
572,THR,129.41085815429688,75.23887101994005,Exposed
573,THR,118.5327377319336,68.91438240228698,Exposed
574,ASP,113.78573608398438,58.95633993988828,Exposed
575,ALA,2.122262477874756,1.6451647115308186,Burried
576,VAL,8.583717346191406,4.933170888615751,Burried
577,ARG,114.38774108886719,41.747350762360284,Exposed
578,ASP,2.143824815750122,1.1107900599741565,Burried
579,PRO,87.84447479248047,55.2480973537613,Exposed
580,GLN,209.88800048828125,93.28355577256944,Exposed
581,THR,231.9082489013672,134.83037726823676,Exposed
582,LEU,360.2066650390625,179.20729603933458,Exposed
583,GLU,182.58554077148438,81.87692411277327,Exposed
584,ILE,55.32781219482422,28.085183855240718,Exposed
585,LEU,7.5176568031311035,3.740127762751793,Burried
586,ASP,133.72874450683594,69.28950492582173,Exposed
587,ILE,71.09493255615234,36.08879825185398,Exposed
588,THR,141.90179443359375,82.5010432753452,Exposed
589,PRO,120.96175384521484,76.07657474541814,Exposed
590,CYS,70.80033111572266,42.39540785372614,Exposed
591,SER,90.36469268798828,58.29980173418598,Exposed
592,PHE,44.80698776245117,18.669578234354656,Burried
593,GLY,47.54179000854492,45.71325962360089,Exposed
594,GLY,35.067649841308594,33.718894078181336,Exposed
595,VAL,16.061180114746094,9.230563284336837,Burried
596,SER,28.129348754882812,18.14796693863407,Burried
597,VAL,5.4033284187316895,3.1053611601906264,Burried
598,ILE,10.306297302246094,5.231622996064007,Burried
599,THR,9.216392517089844,5.358367742494095,Burried
600,PRO,42.71989059448242,26.867855719800264,Exposed
601,GLY,21.10186767578125,20.29025738055889,Burried
602,THR,126.21076202392578,73.37835001391035,Exposed
603,ASN,455.0721130371094,233.37031437800482,Exposed
604,THR,250.56874084472656,145.67950049112008,Exposed
605,SER,62.20340347290039,40.13122804703251,Exposed
606,ASN,297.7666931152344,152.70086826422275,Exposed
607,GLN,225.22006225585938,100.0978054470486,Exposed
608,VAL,21.415132522583008,12.307547426771844,Burried
609,ALA,3.2422282695770264,2.513355247734129,Burried
610,VAL,0.1820308417081833,0.10461542626907085,Burried
611,LEU,22.0950870513916,10.992580622582887,Burried
612,TYR,6.74658727645874,2.5652423104405857,Burried
613,GLN,98.28568267822266,43.682525634765625,Exposed
614,ASP,177.39674377441406,91.91541128207983,Exposed
615,VAL,26.837039947509766,15.423586176729751,Burried
616,ASN,254.49588012695312,130.51070775741184,Exposed
617,CYS,84.94658660888672,50.86621952627948,Exposed
618,THR,327.3439636230469,190.3162579203761,Exposed
619,GLU,181.65701293945312,81.46054391903728,Exposed
620,VAL,5.074357986450195,2.916297693362181,Burried
621,PRO,149.0367889404297,93.73382952228282,Exposed
622,VAL,316.48785400390625,181.8895712666128,Exposed
623,ALA,13.22594928741455,10.252673866212831,Burried
624,ILE,53.42006301879883,27.116783258273518,Exposed
625,HIS,185.7524871826172,82.92521749223981,Exposed
626,ALA,51.32123947143555,39.7839065670043,Exposed
627,ASP,403.0035400390625,208.81012437257124,Exposed
628,GLN,328.28851318359375,145.906005859375,Exposed
629,LEU,122.07456970214844,60.73361676723803,Exposed
630,THR,79.13206481933594,46.00701442984648,Exposed
631,PRO,285.1962890625,179.36873525943395,Exposed
632,THR,170.90765380859375,99.36491500499636,Exposed
633,TRP,47.215755462646484,16.56693174127947,Burried
634,ARG,349.9547424316406,127.72070891665717,Exposed
635,VAL,271.16583251953125,155.84243248248924,Exposed
636,TYR,133.3055419921875,50.6865178677519,Exposed
637,SER,22.903270721435547,14.77630369124874,Burried
638,THR,217.17489624023438,126.26447455827581,Exposed
639,GLY,156.95309448242188,150.91643700232873,Exposed
640,SER,342.51336669921875,220.97636561239918,Exposed
641,ASN,176.14137268066406,90.32890906700722,Exposed
642,VAL,189.98724365234375,109.18807106456538,Exposed
643,PHE,106.36035919189453,44.316816329956055,Exposed
644,GLN,264.5370178222656,117.57200792100694,Exposed
645,THR,48.75743865966797,28.34734805794649,Exposed
646,ARG,589.3728637695312,215.0995853173472,Exposed
647,ALA,25.66010284423828,19.891552592432777,Burried
648,GLY,6.0192084312438965,5.787700414657593,Burried
649,CYS,0.20879977941513062,0.12502980803301234,Burried
650,LEU,5.777719497680664,2.874487312278937,Burried
651,ILE,12.330642700195312,6.2592094924849295,Burried
652,GLY,69.35919952392578,66.69153800377478,Exposed
653,ALA,10.831655502319336,8.39663217234057,Burried
654,GLU,236.1556396484375,105.8993899768778,Exposed
655,HIS,272.0477294921875,121.4498792375837,Exposed
656,VAL,110.89708709716797,63.733958101820676,Exposed
657,ASN,450.8724365234375,231.21663411458334,Exposed
658,ASN,269.2511291503906,138.07750212840543,Exposed
659,SER,187.13682556152344,120.73343584614416,Exposed
660,TYR,263.5950622558594,100.22625941287428,Exposed
661,GLU,371.1275634765625,166.4249163572029,Exposed
662,CYS,158.56935119628906,94.9517073031671,Exposed
663,ASP,195.47398376464844,101.28185687287483,Exposed
664,ILE,30.520954132080078,15.492870117807147,Burried
665,PRO,186.3489532470703,117.20059952645931,Exposed
666,ILE,68.66757202148438,34.8566355439007,Exposed
667,GLY,13.207118034362793,12.69915195611807,Burried
668,ALA,81.54940032958984,63.21658940278283,Exposed
669,GLY,6.609805107116699,6.355581833766057,Burried
670,ILE,64.92772674560547,32.958236926703286,Exposed
671,CYS,0.0,0.0,Burried
672,ALA,9.270567893981934,7.186486739520878,Burried
673,SER,58.909400939941406,38.00606512254284,Exposed
674,TYR,187.75421142578125,71.38943400219819,Exposed
675,GLN,248.7501220703125,110.55560980902779,Exposed
676,THR,372.8382568359375,216.7664283929869,Exposed
689,SER,388.8800964355469,250.890384797127,Exposed
690,GLN,229.0801544189453,101.8134019639757,Exposed
691,SER,118.91338348388672,76.7183119250882,Exposed
692,ILE,25.905359268188477,13.14992856253222,Burried
693,ILE,37.34006118774414,18.95434578058078,Burried
694,ALA,0.8177872896194458,0.6339436353639115,Burried
695,TYR,10.056147575378418,3.8236302567978777,Burried
696,THR,186.981201171875,108.71000068132268,Exposed
697,MET,70.73462677001953,31.577958379473003,Exposed
698,SER,121.08734893798828,78.12087028257308,Exposed
699,LEU,54.27863693237305,27.004296981280124,Exposed
700,GLY,102.73145294189453,98.78024321336014,Exposed
701,ALA,160.69247436523438,124.56780958545299,Exposed
702,GLU,344.1720275878906,154.3372321021931,Exposed
703,ASN,165.78533935546875,85.01812274639423,Exposed
704,SER,211.4583740234375,136.4247574344758,Exposed
705,VAL,47.09735107421875,27.067443146102732,Exposed
706,ALA,197.34725952148438,152.9823717220809,Exposed
707,TYR,84.10319519042969,31.978401213091136,Exposed
708,SER,123.53218078613281,79.69818115234375,Exposed
709,ASN,274.25103759765625,140.64155774238782,Exposed
710,ASN,213.06277465820312,109.2629613631811,Exposed
711,SER,65.35153198242188,42.16227869833669,Exposed
712,ILE,20.90920639038086,10.613810350447137,Burried
713,ALA,29.08495330810547,22.546475432639898,Burried
714,ILE,7.23612642288208,3.673160620752325,Burried
715,PRO,3.820936679840088,2.4031048300881057,Burried
716,THR,115.27061462402344,67.01779920001363,Exposed
717,ASN,158.38668823242188,81.22394268329327,Exposed
718,PHE,28.073198318481445,11.697165966033936,Burried
719,THR,171.2621307373047,99.571006242619,Exposed
720,ILE,48.00877380371094,24.36993594097002,Burried
721,SER,98.02417755126953,63.2414048717868,Exposed
722,VAL,55.194339752197266,31.7208849150559,Exposed
723,THR,173.5198974609375,100.88366131449855,Exposed
724,THR,196.4654998779297,114.22412783600564,Exposed
725,GLU,150.4312286376953,67.45795006174677,Exposed
726,ILE,74.98796081542969,38.064954728644516,Exposed
727,LEU,31.08690643310547,15.466122603535059,Burried
728,PRO,45.348880767822266,28.521308659007715,Exposed
729,VAL,9.063146591186523,5.208704937463519,Burried
730,SER,48.70970916748047,31.425618817729333,Exposed
731,MET,24.007638931274414,10.717695951461792,Burried
732,THR,120.78218078613281,70.22219813147257,Exposed
733,LYS,73.94313049316406,31.331834954730535,Exposed
734,THR,53.76857376098633,31.260798698247864,Exposed
735,SER,84.77670288085938,54.69464701990927,Exposed
736,VAL,36.15815353393555,20.780548008008935,Burried
737,ASP,91.52706146240234,47.42334790798049,Exposed
738,CYS,13.872529029846191,8.306903610686343,Burried
739,THR,169.66867065429688,98.64457596180051,Exposed
740,MET,97.80870056152344,43.66459846496582,Exposed
741,TYR,18.66683578491211,7.097656191981791,Burried
742,ILE,6.009964942932129,3.0507436258538725,Burried
743,CYS,7.716110706329346,4.6204255726523025,Burried
744,GLY,123.98210906982422,119.21356641329253,Exposed
745,ASP,282.0063171386719,146.1172627661512,Exposed
746,SER,56.58557891845703,36.50682510868196,Exposed
747,THR,292.33935546875,169.96474155159885,Exposed
748,GLU,296.54925537109375,132.98172886596132,Exposed
749,CYS,5.8189005851745605,3.4843716078889586,Burried
750,SER,108.01309967041016,69.68587075510332,Exposed
751,ASN,276.8052062988281,141.9513878455529,Exposed
752,LEU,58.44157791137695,29.075411896207438,Exposed
753,LEU,62.81540298461914,31.2514442709548,Exposed
754,LEU,378.2689514160156,188.19350816717196,Exposed
755,GLN,150.79225158691406,67.01877848307292,Exposed
756,TYR,76.7615966796875,29.186918889615022,Exposed
757,GLY,120.7926254272461,116.14675521850586,Exposed
758,SER,102.8284683227539,66.34094730500252,Exposed
759,PHE,45.3541145324707,18.897547721862793,Burried
760,CYS,87.77031707763672,52.55707609439324,Exposed
761,THR,219.1072235107422,127.38792064578035,Exposed
762,GLN,121.87901306152344,54.16845024956597,Exposed
763,LEU,37.66965103149414,18.741119916166237,Burried
764,ASN,165.7025146484375,84.97564853766025,Exposed
765,ARG,322.2503967285156,117.60963384252395,Exposed
766,ALA,48.20498275756836,37.36820368803749,Exposed
767,LEU,38.27156448364258,19.04057934509581,Burried
768,THR,211.0039825439453,122.67673403717751,Exposed
769,GLY,123.24666595458984,118.50640957172101,Exposed
770,ILE,39.27845001220703,19.93829949858225,Burried
771,ALA,38.86996841430664,30.131758460702823,Exposed
772,VAL,288.8681640625,166.01618624281608,Exposed
773,GLU,147.80433654785156,66.27997154612177,Exposed
774,GLN,11.347991943359375,5.043551974826388,Burried
775,ASP,109.0919189453125,56.52431033435881,Exposed
776,LYS,360.9037170410156,152.92530383093884,Exposed
777,ASN,0.3289145529270172,0.16867412970616266,Burried
778,THR,57.1930046081543,33.25174686520599,Exposed
779,GLN,238.51817321777344,106.00807698567709,Exposed
780,GLU,163.89337158203125,73.49478546279428,Exposed
781,VAL,0.0,0.0,Burried
782,PHE,15.649642944335938,6.520684560139974,Burried
783,ALA,61.83614730834961,47.934997913449315,Exposed
784,GLN,146.1427001953125,64.95231119791667,Exposed
785,VAL,46.34321975708008,26.63403434314947,Exposed
786,LYS,344.4455871582031,145.95151998228945,Exposed
787,GLN,193.69532775878906,86.08681233723958,Exposed
788,ILE,52.090232849121094,26.441742563005633,Exposed
789,TYR,58.65885543823242,22.30374731491727,Burried
790,LYS,280.18408203125,118.72206865730932,Exposed
791,THR,147.4617462158203,85.73357338129088,Exposed
792,PRO,48.24745559692383,30.34431169617851,Exposed
793,PRO,378.8802185058594,238.2894456011694,Exposed
794,ILE,360.59954833984375,183.04545601007297,Exposed
795,LYS,320.93096923828125,135.9876988297802,Exposed
796,ASP,211.70079040527344,109.68952870739557,Exposed
797,PHE,17.869476318359375,7.445615132649739,Burried
798,GLY,101.93693542480469,98.0162840623122,Exposed
799,GLY,150.4120635986328,144.62698422945465,Exposed
800,PHE,69.4767074584961,28.948628107706703,Exposed
801,ASN,261.9344787597656,134.32537372295673,Exposed
802,PHE,22.685649871826172,9.452354113260904,Burried
803,SER,170.19073486328125,109.80047410534274,Exposed
804,GLN,171.55624389648438,76.24721950954861,Exposed
805,ILE,22.688724517822266,11.51711904457983,Burried
806,LEU,37.421424865722656,18.6176243113048,Burried
807,PRO,149.44027709960938,93.98759566013169,Exposed
808,ASP,155.50624084472656,80.57318178483241,Exposed
809,PRO,335.9502868652344,211.289488594487,Exposed
810,SER,321.7435607910156,207.57649083291332,Exposed
811,LYS,219.16952514648438,92.86844285867983,Exposed
812,PRO,394.68255615234375,248.22802273732313,Exposed
813,SER,95.16323852539062,61.39563775831653,Exposed
814,LYS,282.3623962402344,119.64508315264169,Exposed
815,ARG,148.3611297607422,54.14639772289861,Exposed
816,SER,6.0961480140686035,3.9329987187539377,Burried
817,PHE,249.21351623535156,103.83896509806314,Exposed
818,ILE,14.91840934753418,7.572796623113796,Burried
819,GLU,18.457876205444336,8.277074531589388,Burried
820,ASP,114.0176010131836,59.07647720890342,Exposed
821,LEU,100.85533142089844,50.176781801442004,Exposed
822,LEU,9.768506050109863,4.859953258761126,Burried
823,PHE,121.78038024902344,50.741825103759766,Exposed
824,ASN,333.49542236328125,171.0232935196314,Exposed
825,LYS,191.15313720703125,80.99709203687765,Exposed
826,VAL,72.11144256591797,41.44335779650458,Exposed
827,THR,214.88839721679688,124.93511466092842,Exposed
828,LEU,288.5015869140625,143.53312781794153,Exposed
829,ALA,141.4463653564453,109.64834523755451,Exposed
830,ASP,210.54425048828125,109.09028522708873,Exposed
831,ALA,101.82106018066406,78.93105440361555,Exposed
832,GLY,44.14145278930664,42.44370460510254,Exposed
833,PHE,20.830673217773438,8.679447174072266,Burried
834,ILE,49.74628448486328,25.25192105830623,Exposed
835,LYS,218.53414916992188,92.5992157499669,Exposed
836,GLN,108.36207580566406,48.16092258029514,Exposed
837,TYR,30.969703674316406,11.77555272787696,Burried
838,GLY,71.2436294555664,68.50348986112155,Exposed
839,ASP,217.9971923828125,112.95191315171633,Exposed
840,CYS,84.4196548461914,50.55069152466552,Exposed
841,LEU,288.6687316894531,143.6162844226135,Exposed
842,GLY,40.05289840698242,38.512402314406174,Exposed
843,ASP,147.9741973876953,76.67056859466078,Exposed
844,ILE,137.41680908203125,69.75472542235089,Exposed
845,ALA,84.04281616210938,65.14946989310805,Exposed
846,ALA,50.070735931396484,38.81452397782673,Exposed
847,ARG,171.9659881591797,62.76130954714587,Exposed
848,ASP,95.72482299804688,49.59835388499838,Exposed
849,LEU,208.6072235107422,103.78468831380208,Exposed
850,ILE,166.3353729248047,84.43419945421557,Exposed
851,CYS,163.5543975830078,97.93676501976516,Exposed
852,ALA,77.47660827636719,60.05938626074976,Exposed
853,GLN,52.808021545410156,23.47023179796007,Burried
854,LYS,212.7168426513672,90.13425536074881,Exposed
855,PHE,171.64283752441406,71.51784896850586,Exposed
856,ASN,97.90190887451172,50.206107115134216,Exposed
857,GLY,9.074353218078613,8.725339632767898,Burried
858,LEU,26.26512336730957,13.067225555875408,Burried
859,THR,63.89923858642578,37.150720108387084,Exposed
860,VAL,146.6811981201172,84.29953914949265,Exposed
861,LEU,134.4164276123047,66.87384458323616,Exposed
862,PRO,128.5570526123047,80.85349220899666,Exposed
863,PRO,202.95291137695312,127.64334048864976,Exposed
864,LEU,85.60707092285156,42.59058254868237,Exposed
865,LEU,60.429561614990234,30.064458514920517,Exposed
866,THR,135.9160614013672,79.02096593102743,Exposed
867,ASP,244.55062866210938,126.71017029124837,Exposed
868,GLU,265.0001220703125,118.83413545753925,Exposed
869,MET,57.03572082519531,25.462375368390767,Exposed
870,ILE,69.0638656616211,35.05779982823406,Exposed
871,ALA,13.508777618408203,10.471920634424963,Burried
872,GLN,216.00625610351562,96.00278049045139,Exposed
873,TYR,22.73955535888672,8.646218767637535,Burried
874,THR,9.74543571472168,5.665950996931209,Burried
875,SER,80.3533935546875,51.84089906754033,Exposed
876,ALA,1.5479556322097778,1.1999656063641688,Burried
877,LEU,0.5636508464813232,0.28042330670712595,Burried
878,LEU,9.779967308044434,4.865655377136534,Burried
879,ALA,10.928948402404785,8.472053025119989,Burried
880,GLY,2.1513278484344482,2.068584469648508,Burried
881,THR,7.525755882263184,4.375439466432083,Burried
882,ILE,8.886536598205566,4.510932283353079,Burried
883,THR,1.0989749431610107,0.6389389204424482,Burried
884,SER,8.32509994506836,5.3710322226247476,Burried
885,GLY,8.328466415405273,8.008140784043533,Burried
886,TRP,282.045654296875,98.96338747258771,Exposed
887,THR,82.2640609741211,47.82794242681459,Exposed
888,PHE,32.35818862915039,13.48257859547933,Burried
889,GLY,22.740148544311523,21.865527446453388,Burried
890,ALA,32.520538330078125,25.209719635719473,Exposed
891,GLY,98.85272216796875,95.05069439227765,Exposed
892,ALA,146.25230407714844,113.37387912957244,Exposed
893,ALA,77.77851867675781,60.29342533082001,Exposed
894,LEU,64.25454711914062,31.967436377681903,Exposed
895,GLN,45.061527252197266,20.02734544542101,Burried
896,ILE,58.37320327758789,29.631067653597913,Exposed
897,PRO,26.183273315429688,16.467467493980937,Burried
898,PHE,11.673510551452637,4.863962729771932,Burried
899,ALA,59.64920425415039,46.23969322027162,Exposed
900,MET,41.94053649902344,18.723453794206893,Burried
901,GLN,30.290416717529297,13.462407430013021,Burried
902,MET,26.59645652770996,11.873418092727661,Burried
903,ALA,1.0145848989486694,0.7864999216656352,Burried
904,TYR,94.70343017578125,36.00890881208412,Exposed
905,ARG,11.43126106262207,4.171993088548201,Burried
906,PHE,0.1763249933719635,0.07346874723831812,Burried
907,ASN,204.39578247070312,104.81834998497597,Exposed
908,GLY,82.91118621826172,79.72229444063626,Exposed
909,ILE,78.82453155517578,40.01245256607908,Exposed
910,GLY,127.24968719482422,122.35546845656175,Exposed
911,VAL,7.852418422698975,4.512884150976422,Burried
912,THR,124.5401840209961,72.40708373313727,Exposed
913,GLN,31.318933486938477,13.919525994194878,Burried
914,ASN,7.175625324249268,3.679807858589368,Burried
915,VAL,3.499697685241699,2.0113205087595976,Burried
916,LEU,13.20582389831543,6.570061640952949,Burried
917,TYR,32.06000518798828,12.190116041060183,Burried
918,GLU,222.21701049804688,99.64888363141115,Exposed
919,ASN,134.30418395996094,68.87394049228766,Exposed
920,GLN,56.70820999145508,25.203648885091145,Exposed
921,LYS,443.2353210449219,187.81157671394993,Exposed
922,LEU,246.58778381347656,122.68048945944108,Exposed
923,ILE,9.744810104370117,4.946604113893461,Burried
924,ALA,11.9258394241333,9.244836762894032,Burried
925,ASN,287.50726318359375,147.43962214543268,Exposed
926,GLN,128.931640625,57.30295138888889,Exposed
927,PHE,27.41572380065918,11.423218250274658,Burried
928,ASN,151.3438262939453,77.61221861227965,Exposed
929,SER,199.865966796875,128.94578503024195,Exposed
930,ALA,21.116132736206055,16.36909514434578,Burried
931,ILE,45.00591278076172,22.845641005462802,Burried
932,GLY,84.34099578857422,81.09711133516751,Exposed
933,LYS,391.08648681640625,165.71461305779926,Exposed
934,ILE,62.35955810546875,31.65459802308058,Exposed
935,GLN,127.44290924072266,56.64129299587673,Exposed
936,ASP,288.08062744140625,149.26457380383744,Exposed
937,SER,191.8321533203125,123.76267956149194,Exposed
938,LEU,73.71757507324219,36.67541048420009,Exposed
939,SER,213.74607849121094,137.90069580078125,Exposed
940,SER,155.97608947753906,100.6297351467994,Exposed
941,THR,395.42681884765625,229.89931328352105,Exposed
942,ALA,161.85098266601562,125.46587803567103,Exposed
943,SER,301.3011779785156,194.38785676033265,Exposed
944,ALA,186.40176391601562,144.49749140776404,Exposed
945,LEU,39.62355422973633,19.713211059570312,Burried
946,GLY,95.97708892822266,92.28566243098332,Exposed
947,LYS,326.01873779296875,138.14353296312237,Exposed
948,LEU,20.737741470336914,10.317284313600455,Burried
949,GLN,107.78875732421875,47.90611436631945,Exposed
950,ASP,242.4635009765625,125.62875698267486,Exposed
951,VAL,80.88999938964844,46.48850539634968,Exposed
952,VAL,92.91057586669922,53.39688268201105,Exposed
953,ASN,203.3451385498047,104.27955823066908,Exposed
954,GLN,254.7694091796875,113.23084852430556,Exposed
955,ASN,50.154563903808594,25.720289181440304,Exposed
956,ALA,56.84974670410156,44.06957108845083,Exposed
957,GLN,259.3518981933594,115.26751030815971,Exposed
958,ALA,65.65119934082031,50.892402589783195,Exposed
959,LEU,37.37211227416992,18.593090683666627,Burried
960,ASN,114.41395568847656,58.67382342998798,Exposed
961,THR,70.4443588256836,40.956022573071856,Exposed
962,LEU,17.81140899658203,8.861397510737328,Burried
963,VAL,32.98480987548828,18.95678728476338,Burried
964,LYS,318.7748107910156,135.07407236907443,Exposed
965,GLN,23.314922332763672,10.36218770345052,Burried
966,LEU,56.046974182128906,27.884066757278063,Exposed
967,SER,162.31027221679688,104.71630465599799,Exposed
968,SER,32.5810432434082,21.020027898973034,Burried
969,ASN,114.67279815673828,58.80656315730168,Exposed
970,PHE,42.828853607177734,17.84535566965739,Burried
971,GLY,76.54399108886719,73.59999143160306,Exposed
972,ALA,41.233036041259766,31.96359383043393,Exposed
973,ILE,247.72544860839844,125.7489586844662,Exposed
974,SER,66.43527221679688,42.861465946320564,Exposed
975,SER,74.07632446289062,47.79117707283266,Exposed
976,VAL,134.8024444580078,77.47266922874012,Exposed
977,LEU,62.56550979614258,31.12711930156347,Exposed
978,ASN,223.9303436279297,114.83607365534856,Exposed
979,ASP,130.2779541015625,67.50153062257125,Exposed
980,ILE,0.17954489588737488,0.09113954105958115,Burried
981,LEU,156.68418884277344,77.95233275759873,Exposed
982,SER,128.99803161621094,83.2245365265877,Exposed
983,ARG,242.64370727539062,88.556097545763,Exposed
984,LEU,99.11524963378906,49.311069469546794,Exposed
985,ASP,178.5230255126953,92.49897694958307,Exposed
986,PRO,267.6603698730469,168.33985526606722,Exposed
987,PRO,214.86312866210938,135.13404318371659,Exposed
988,GLU,296.4648132324219,132.94386243606363,Exposed
989,ALA,11.268488883972168,8.735262700753617,Burried
990,GLU,242.13375854492188,108.58016078247618,Exposed
991,VAL,197.8917694091797,113.73090195929866,Exposed
992,GLN,61.14550018310547,27.175777859157986,Exposed
993,ILE,16.737150192260742,8.49601532602068,Burried
994,ASP,105.04863739013672,54.429345797998295,Exposed
995,ARG,309.32635498046875,112.8928302848426,Exposed
996,LEU,9.045422554016113,4.500210225878663,Burried
997,ILE,5.253488540649414,2.6667454521063014,Burried
998,THR,208.9365997314453,121.47476728572401,Exposed
999,GLY,19.28493881225586,18.543210396399864,Burried
1000,ARG,49.68727111816406,18.134040554074478,Burried
1001,LEU,39.61329650878906,19.708107715815455,Burried
1002,GLN,195.78076171875,87.013671875,Exposed
1003,SER,26.849834442138672,17.32247383363785,Burried
1004,LEU,13.225850105285645,6.580024928002809,Burried
1005,GLN,114.80150604248047,51.02289157443577,Exposed
1006,THR,54.121368408203125,31.465911865234375,Exposed
1007,TYR,57.50004959106445,21.863136726640477,Burried
1008,VAL,13.756669998168945,7.906132182855716,Burried
1009,THR,79.365966796875,46.14300395167151,Exposed
1010,GLN,152.59768676757812,67.82119411892361,Exposed
1011,GLN,25.73750877380371,11.438892788357204,Burried
1012,LEU,110.81552124023438,55.13210011951959,Exposed
1013,ILE,105.2636947631836,53.43334759552467,Exposed
1014,ARG,161.3944549560547,58.90308575038492,Exposed
1015,ALA,8.242962837219238,6.389893672262975,Burried
1016,ALA,171.28811645507812,132.78148562409157,Exposed
1017,GLU,353.4283142089844,158.48803327757145,Exposed
1018,ILE,38.218406677246094,19.400206435150302,Burried
1019,ARG,154.77626037597656,56.487686268604584,Exposed
1020,ALA,185.31686401367188,143.6564837315286,Exposed
1021,SER,68.0126724243164,43.87914349955897,Exposed
1022,ALA,0.0,0.0,Burried
1023,ASN,196.36671447753906,100.7008792192508,Exposed
1024,LEU,223.90411376953125,111.39508147737874,Exposed
1025,ALA,0.0,0.0,Burried
1026,ALA,38.13631057739258,29.563031455343086,Exposed
1027,THR,136.51539611816406,79.3694163477698,Exposed
1028,LYS,32.065860748291016,13.587229130631787,Burried
1029,MET,0.2191658914089203,0.09784191580755369,Burried
1030,SER,37.183250427246094,23.98919382402974,Burried
1031,GLU,28.02251625061035,12.566150785027064,Burried
1032,CYS,3.196514844894409,1.914080745445754,Burried
1033,VAL,8.68557071685791,4.991707308539029,Burried
1034,LEU,18.188690185546875,9.049099594799442,Burried
1035,GLY,10.159892082214355,9.769127002129188,Burried
1036,GLN,105.30623626708984,46.802771674262154,Exposed
1037,SER,51.07727813720703,32.95308266916583,Exposed
1038,LYS,408.2685852050781,172.99516322249073,Exposed
1039,ARG,125.56491088867188,45.8266098133839,Exposed
1040,VAL,124.69548797607422,71.66407354946794,Exposed
1041,ASP,168.21461486816406,87.15783153790883,Exposed
1042,PHE,68.80778503417969,28.669910430908203,Exposed
1043,CYS,12.143479347229004,7.271544519298804,Burried
1044,GLY,61.850364685058594,59.471504504864036,Exposed
1045,LYS,307.9752502441406,130.497987391585,Exposed
1046,GLY,51.37161636352539,49.39578496492826,Exposed
1047,TYR,153.24612426757812,58.26848831466849,Exposed
1048,HIS,39.741764068603516,17.741858959197998,Burried
1049,LEU,1.9170714616775513,0.9537668963569907,Burried
1050,MET,23.752525329589844,10.603805950709752,Burried
1051,SER,2.8213677406311035,1.820237252020067,Burried
1052,PHE,9.733842849731445,4.055767854054769,Burried
1053,PRO,2.79815411567688,1.7598453557716227,Burried
1054,GLN,5.449555397033691,2.422024620903863,Burried
1055,SER,10.46098804473877,6.749024544992754,Burried
1056,ALA,27.284576416015625,21.150834431019863,Burried
1057,PRO,89.3177719116211,56.174699315484965,Exposed
1058,HIS,226.3976593017578,101.07038361685616,Exposed
1059,GLY,12.596925735473633,12.11242859180157,Burried
1060,VAL,0.0,0.0,Burried
1061,VAL,18.82349395751953,10.818099975585938,Burried
1062,PHE,0.7493696808815002,0.31223736703395844,Burried
1063,LEU,12.708602905273438,6.322688012573849,Burried
1064,HIS,14.327423095703125,6.396171024867467,Burried
1065,VAL,20.12602424621582,11.566680601273461,Burried
1066,THR,3.847362518310547,2.236838673436364,Burried
1067,TYR,2.3997116088867188,0.912437874101414,Burried
1068,VAL,90.58108520507812,52.058094945447195,Exposed
1069,PRO,94.16492462158203,59.22322303244153,Exposed
1070,ALA,69.9940185546875,54.25892911216085,Exposed
1071,GLN,352.96734619140625,156.87437608506946,Exposed
1072,GLU,263.230224609375,118.04045946608743,Exposed
1073,LYS,324.85491943359375,137.65038959050582,Exposed
1074,ASN,342.1822814941406,175.47809307391827,Exposed
1075,PHE,63.835269927978516,26.598029136657715,Exposed
1076,THR,168.32278442382812,97.86208396734193,Exposed
1077,THR,31.622493743896484,18.385170781335166,Burried
1078,ALA,12.254340171813965,9.499488505282143,Burried
1079,PRO,55.093589782714844,34.65005646711625,Exposed
1080,ALA,0.0,0.0,Burried
1081,ILE,1.6471666097640991,0.8361251826213701,Burried
1082,CYS,53.373931884765625,31.960438254350677,Exposed
1083,HIS,208.5390167236328,93.09777532305036,Exposed
1084,ASP,353.9826354980469,183.41069196789994,Exposed
1085,GLY,114.59175872802734,110.18438339233398,Exposed
1086,LYS,259.2508239746094,109.85204405703787,Exposed
1087,ALA,1.7009735107421875,1.3185841168544088,Burried
1088,HIS,69.55906677246094,31.053154809134348,Exposed
1089,PHE,3.4012367725372314,1.4171819885571797,Burried
1090,PRO,25.581348419189453,16.08889837684871,Burried
1091,ARG,405.49078369140625,147.9893371136519,Exposed
1092,GLU,379.72625732421875,170.28083288081558,Exposed
1093,GLY,8.162936210632324,7.8489771256080045,Burried
1094,VAL,15.690594673156738,9.017583145492377,Burried
1095,PHE,5.186243534088135,2.160934805870056,Burried
1096,VAL,2.1135451793670654,1.214681137567279,Burried
1097,SER,34.19346237182617,22.060298304403982,Burried
1098,ASN,287.8907165527344,147.63626489883814,Exposed
1099,GLY,196.11329650878906,188.57047741229718,Exposed
1100,THR,383.2013244628906,222.79146771098291,Exposed
1101,HIS,292.49029541015625,130.57602473667689,Exposed
1102,TRP,109.03395080566406,38.25752659847862,Exposed
1103,PHE,120.46483612060547,50.193681716918945,Exposed
1104,VAL,38.25880813598633,21.987820767808234,Burried
1105,THR,9.8446044921875,5.7236072628997094,Burried
1106,GLN,57.45612716674805,25.53605651855469,Exposed
1107,ARG,229.59329223632812,83.79317234902486,Exposed
1108,ASN,101.03929901123047,51.81502513396434,Exposed
1109,PHE,76.7696533203125,31.987355550130207,Exposed
1110,TYR,167.65785217285156,63.748232765342806,Exposed
1111,GLU,140.37916564941406,62.9502984974951,Exposed
1112,PRO,171.22555541992188,107.68902856598861,Exposed
1113,GLN,251.96815490722656,111.98584662543402,Exposed
1114,ILE,292.43603515625,148.4446878965736,Exposed
1115,ILE,20.3175106048584,10.313457159826598,Burried
1116,THR,64.0221939086914,37.22220576086709,Exposed
1117,THR,198.4912872314453,115.40191118107286,Exposed
1118,ASP,293.8671875,152.2627914507772,Exposed
1119,ASN,109.82300567626953,56.31949009039463,Exposed
1120,THR,17.548437118530273,10.20257972007574,Burried
1121,PHE,173.2308349609375,72.1795145670573,Exposed
1122,VAL,239.81161499023438,137.82276723576686,Exposed
1123,SER,57.469844818115234,37.0773192374937,Exposed
1124,GLY,98.84883880615234,95.0469603905311,Exposed
1125,ASN,244.84689331054688,125.56250939002405,Exposed
1126,CYS,110.92090606689453,66.41970423167336,Exposed
1127,ASP,364.9958801269531,189.11703633520887,Exposed
1128,VAL,195.97152709960938,112.62731442506286,Exposed
1129,VAL,47.47705078125,27.28566136853448,Exposed
1130,ILE,303.3788146972656,153.99939832348508,Exposed
1131,GLY,131.04928588867188,126.00892873910756,Exposed
1132,ILE,137.4993133544922,69.79660576370162,Exposed
1133,VAL,110.73148345947266,63.638783597398074,Exposed
1134,ASN,385.0357666015625,197.45423928285257,Exposed
1135,ASN,143.53636169433594,73.60839061247997,Exposed
1136,THR,257.643798828125,149.7929062954215,Exposed
1137,VAL,39.29721450805664,22.584606039113012,Burried
1138,TYR,311.4507751464844,118.42234796444274,Exposed
1139,ASP,216.8545379638672,112.359864229983,Exposed
1140,PRO,151.18496704101562,95.08488493145637,Exposed
1141,LEU,159.0845489501953,79.14654176626632,Exposed
1142,GLN,214.23284912109375,95.214599609375,Exposed
1143,PRO,220.1346893310547,138.4494901453174,Exposed
1144,GLU,347.4762878417969,155.81896315775646,Exposed
1145,LEU,197.06858825683594,98.04407375961986,Exposed
1146,ASP,261.3569641113281,135.41811611985912,Exposed
1147,SER,247.67977905273438,159.79340584047378,Exposed
27,ALA,252.6768341064453,195.87351481119794,Exposed
28,TYR,472.7987365722656,179.7713827270972,Exposed
29,THR,88.99701690673828,51.74245168996412,Exposed
30,ASN,139.51531982421875,71.54631785857372,Exposed
31,SER,4.915101051330566,3.171032936342301,Burried
32,PHE,152.7155303955078,63.63147099812826,Exposed
33,THR,100.27523040771484,58.29955256262491,Exposed
34,ARG,34.740997314453125,12.679196100165374,Burried
35,GLY,16.883007049560547,16.233660624577446,Burried
36,VAL,7.106565475463867,4.084233031875786,Burried
37,TYR,4.678172588348389,1.7787728472807562,Burried
38,TYR,37.8286018371582,14.383498797398556,Burried
39,PRO,118.63536071777344,74.613434413694,Exposed
40,ASP,173.53103637695312,89.91245408132286,Exposed
41,LYS,251.36520385742188,106.5106796006025,Exposed
42,VAL,29.246549606323242,16.808361842714508,Burried
43,PHE,29.80076026916504,12.416983445485434,Burried
44,ARG,75.1552963256836,27.428940264848027,Exposed
45,SER,132.72055053710938,85.62616163684476,Exposed
46,SER,250.71263122558594,161.75008466166832,Exposed
47,VAL,78.36893463134766,45.03961760422279,Exposed
48,LEU,209.9852294921875,104.47026342894901,Exposed
49,HIS,164.31666564941406,73.35565430777413,Exposed
50,SER,164.9547576904297,106.42242431640625,Exposed
51,THR,56.89694595336914,33.0796197403309,Exposed
52,GLN,382.06842041015625,169.80818684895834,Exposed
53,ASP,142.46575927734375,73.81645558411594,Exposed
54,LEU,117.73768615722656,58.57596326230178,Exposed
55,PHE,3.1785857677459717,1.3244107365608215,Burried
56,LEU,16.170291900634766,8.044921343599386,Burried
57,PRO,28.755399703979492,18.085157046527982,Burried
58,PHE,51.232704162597656,21.346960067749023,Burried
59,PHE,329.8849792480469,137.4520746866862,Exposed
60,SER,81.61666107177734,52.65591036888861,Exposed
61,ASN,326.83172607421875,167.60601337139423,Exposed
62,VAL,3.910268783569336,2.2472809100973197,Burried
63,THR,122.4869384765625,71.21333632358285,Exposed
64,TRP,189.77914428710938,66.58917343407347,Exposed
65,PHE,129.17999267578125,53.82499694824219,Exposed
66,HIS,254.37933349609375,113.56220245361328,Exposed
67,ALA,145.9278106689453,113.12233385189559,Exposed
68,ILE,355.3299255371094,180.3705205772129,Exposed
69,HIS,629.0474243164062,280.82474299839566,Exposed
80,ASP,322.09161376953125,166.8868465127105,Exposed
81,ASN,119.74537658691406,61.407885429186706,Exposed
82,PRO,154.90460205078125,97.42427801935928,Exposed
83,VAL,204.21017456054688,117.36216928767062,Exposed
84,LEU,69.27790069580078,34.46661726159243,Exposed
85,PRO,180.3189239501953,113.40812827056308,Exposed
86,PHE,37.99509048461914,15.831287701924643,Burried
87,ASN,313.7386474609375,160.89161408253204,Exposed
88,ASP,211.66342163085938,109.67016664811366,Exposed
89,GLY,0.9145938158035278,0.8794171305803152,Burried
90,VAL,1.728417158126831,0.993343194325765,Burried
91,TYR,6.695953845977783,2.5459900555048605,Burried
92,PHE,12.250948905944824,5.104562044143677,Burried
93,ALA,0.18202930688858032,0.14110798983610878,Burried
94,SER,18.13461685180664,11.699752807617188,Burried
95,THR,51.446807861328125,29.91093480309775,Exposed
96,GLU,68.51203155517578,30.72288410545999,Exposed
97,LYS,381.0154724121094,161.4472340729277,Exposed
98,SER,257.6065979003906,166.19780509702622,Exposed
99,ASN,296.0341796875,151.8123998397436,Exposed
100,ILE,187.01686096191406,94.93241673193607,Exposed
101,ILE,64.02645874023438,32.50074047727633,Exposed
102,ARG,167.51683044433594,61.13752935924669,Exposed
103,GLY,2.777735471725464,2.6708994920437155,Burried
104,TRP,55.74861145019531,19.560916298314147,Burried
105,ILE,17.551307678222656,8.909293237676476,Burried
106,PHE,2.7436039447784424,1.143168310324351,Burried
107,GLY,6.283111095428467,6.041452976373526,Burried
108,THR,99.41630554199219,57.80017764069313,Exposed
109,THR,176.54884338378906,102.64467638592387,Exposed
110,LEU,119.52931213378906,59.467319469546794,Exposed
111,ASP,306.0428771972656,158.5714389623138,Exposed
112,SER,177.81703186035156,114.72066571635584,Exposed
113,LYS,433.3026123046875,183.60280182402013,Exposed
114,THR,142.12994384765625,82.63368828352108,Exposed
115,GLN,146.61080932617188,65.16035970052083,Exposed
116,SER,3.7471699714660645,2.417529013849074,Burried
117,LEU,4.671651840209961,2.324204895626846,Burried
118,LEU,12.556912422180176,6.247220110537401,Burried
119,ILE,51.98284149169922,26.387229183603665,Exposed
120,VAL,86.3182373046875,49.60818235901581,Exposed
121,ASN,156.2948760986328,80.1512185121194,Exposed
122,ASN,246.2957763671875,126.30552634214745,Exposed
123,ALA,263.49462890625,204.259402252907,Exposed
124,THR,318.2987060546875,185.0573872410974,Exposed
125,ASN,150.87838745117188,77.37353202624199,Exposed
126,VAL,151.80918884277344,87.24666025446749,Exposed
127,VAL,100.21029663085938,57.59212450049389,Exposed
128,ILE,40.48883056640625,20.55270587127221,Burried
129,LYS,101.31546020507812,42.930279747914454,Exposed
130,VAL,16.819795608520508,9.666549200299142,Burried
131,CYS,6.436703681945801,3.8543135820034733,Burried
132,GLU,68.84456634521484,30.872002845387826,Exposed
133,PHE,9.43345832824707,3.930607636769613,Burried
134,GLN,323.8747863769531,143.94434950086804,Exposed
135,PHE,114.06134796142578,47.52556165059408,Exposed
136,CYS,133.27011108398438,79.80246172693674,Exposed
137,ASN,319.3587951660156,163.77374111077725,Exposed
138,ASP,199.24838256835938,103.23750392142972,Exposed
139,PRO,63.150962829589844,39.71758668527663,Exposed
140,PHE,154.1103057861328,64.21262741088867,Exposed
141,LEU,106.02538299560547,52.748946763982815,Exposed
142,GLY,77.37647247314453,74.40045430110051,Exposed
143,VAL,437.15301513671875,251.23736502110273,Exposed
159,VAL,403.9038391113281,232.12864316742997,Exposed
160,TYR,214.0502471923828,81.38792668911894,Exposed
161,SER,196.32098388671875,126.65869928175404,Exposed
162,SER,121.98451232910156,78.69968537361392,Exposed
163,ALA,218.8946990966797,169.68581325324007,Exposed
164,ASN,224.5360107421875,115.14667217548077,Exposed
165,ASN,329.32501220703125,168.8846216446314,Exposed
166,CYS,173.0054168701172,103.5960580060582,Exposed
167,THR,214.2725830078125,124.57708314407702,Exposed
168,PHE,157.565673828125,65.65236409505208,Exposed
169,GLU,341.02716064453125,152.9269778675028,Exposed
170,TYR,241.85800170898438,91.96121737984197,Exposed
171,VAL,273.1336975097656,156.97338937342852,Exposed
172,SER,248.9191436767578,160.5929959204889,Exposed
186,PHE,329.1524963378906,137.1468734741211,Exposed
187,LYS,372.39093017578125,157.79276702363612,Exposed
188,ASN,156.8029327392578,80.41176037910657,Exposed
189,LEU,3.462920665740967,1.72284610235869,Burried
190,ARG,233.1119842529297,85.07736651566778,Exposed
191,GLU,11.399080276489258,5.111695191250789,Burried
192,PHE,97.48339080810547,40.61807950337728,Exposed
193,VAL,3.924018383026123,2.2551829787506454,Burried
194,PHE,8.180234909057617,3.408431212107341,Burried
195,LYS,51.74931335449219,21.927675150208554,Burried
196,ASN,108.52394104003906,55.65330309745593,Exposed
197,ILE,253.3220672607422,128.58988185824475,Exposed
198,ASP,328.19915771484375,170.05137705432318,Exposed
199,GLY,48.68344497680664,46.811004785391006,Exposed
200,TYR,172.86325073242188,65.72747176137715,Exposed
201,PHE,0.3876282274723053,0.16151176144679386,Burried
202,LYS,165.30490112304688,70.0444496284097,Exposed
203,ILE,41.878517150878906,21.25813053344107,Burried
204,TYR,48.02476119995117,18.260365475266603,Burried
205,SER,85.3414077758789,55.058972758631555,Exposed
206,LYS,198.45127868652344,84.08952486717095,Exposed
207,HIS,379.55023193359375,169.4420678274972,Exposed
208,THR,125.56149291992188,73.00086797669877,Exposed
209,PRO,322.4743347167969,202.81404699169613,Exposed
210,ILE,51.829833984375,26.3095603981599,Exposed
211,ASN,433.4294128417969,222.27149376502405,Exposed
212,LEU,282.096435546875,140.346485346704,Exposed
213,VAL,351.8743591308594,202.2266431786548,Exposed
214,ARG,327.24365234375,119.4319899064781,Exposed
215,ASP,142.31277465820312,73.73718894207416,Exposed
216,LEU,25.68190574645996,12.77706753555222,Burried
217,PRO,93.37226104736328,58.724692482618416,Exposed
218,GLN,365.5970153808594,162.48756239149304,Exposed
219,GLY,115.19355010986328,110.76302895179163,Exposed
220,PHE,168.71107482910156,70.29628117879231,Exposed
221,SER,82.92841339111328,53.502202187815016,Exposed
222,ALA,31.750099182128906,24.612479986146436,Burried
223,LEU,5.718746662139893,2.845147593104424,Burried
224,GLU,176.4621124267578,79.13099211962233,Exposed
225,PRO,123.84955596923828,77.89280249637628,Exposed
226,LEU,296.2178039550781,147.3720417686956,Exposed
227,VAL,116.23426818847656,66.80130355659573,Exposed
228,ASP,202.4507598876953,104.89676678118929,Exposed
229,LEU,27.938671112060547,13.899836374159477,Burried
230,PRO,119.8293685913086,75.3643827618293,Exposed
231,ILE,54.89182662963867,27.86387138560339,Exposed
232,GLY,67.73299407958984,65.12787892268254,Exposed
233,ILE,72.75730895996094,36.93264414211215,Exposed
234,ASN,268.6703186035156,137.77965056590546,Exposed
235,ILE,58.49903869628906,29.694943500654347,Exposed
236,THR,203.63381958007812,118.39175556981287,Exposed
237,ARG,271.27484130859375,99.00541653598312,Exposed
238,PHE,14.20565128326416,5.919021368026733,Burried
239,GLN,64.13546752929688,28.504652235243057,Exposed
240,THR,28.5776424407959,16.61490839581157,Burried
241,LEU,40.79409408569336,20.295569196862367,Burried
242,LEU,88.11732482910156,43.83946508910525,Exposed
243,ALA,92.70549774169922,71.86472693154978,Exposed
244,LEU,208.96890258789062,103.96462815317942,Exposed
245,HIS,439.7359313964844,196.31068365914481,Exposed
246,ARG,509.96392822265625,186.11822197907162,Exposed
247,SER,271.66021728515625,175.26465631300402,Exposed
248,TYR,425.37103271484375,161.7380352527923,Exposed
249,LEU,409.4317932128906,203.69740955865203,Exposed
250,THR,191.4090118408203,111.28430920977925,Exposed
251,PRO,293.52484130859375,184.60681843307782,Exposed
264,ALA,75.39828491210938,58.448282877604164,Exposed
265,TYR,32.587425231933594,12.3906559817238,Burried
266,TYR,13.454487800598145,5.11577482912477,Burried
267,VAL,10.907306671142578,6.268567052380793,Burried
268,GLY,5.369840621948242,5.163308290334848,Burried
269,TYR,212.44224548339844,80.77651919520854,Exposed
270,LEU,23.044795989990234,11.465072631835938,Burried
271,GLN,252.87232971191406,112.38770209418402,Exposed
272,PRO,275.5221862792969,173.28439388635024,Exposed
273,ARG,101.25410461425781,36.95405277892621,Exposed
274,THR,143.46267700195312,83.40853314067043,Exposed
275,PHE,3.151432514190674,1.3130968809127808,Burried
276,LEU,7.057404041290283,3.5111462891991456,Burried
277,LEU,0.7596067786216736,0.37791382020978787,Burried
278,LYS,245.3236083984375,103.95068152476166,Exposed
279,TYR,31.417644500732422,11.945872433738563,Burried
280,ASN,138.9552001953125,71.25907702323718,Exposed
281,GLU,375.8853454589844,168.55845087846834,Exposed
282,ASN,255.8712921142578,131.21604723808093,Exposed
283,GLY,3.9534592628479004,3.8014031373537502,Burried
284,THR,146.7130889892578,85.29830755189408,Exposed
285,ILE,22.168325424194336,11.252957068118953,Burried
286,THR,203.20013427734375,118.13961295194404,Exposed
287,ASP,191.2715606689453,99.10443557976441,Exposed
288,ALA,34.67866516113281,26.882686171420783,Exposed
289,VAL,37.178646087646484,21.367037981406025,Burried
290,ASP,10.86599349975586,5.630048445469357,Burried
291,CYS,59.48823547363281,35.62169788840288,Exposed
292,ALA,92.04622650146484,71.35366395462391,Exposed
293,LEU,61.270545959472656,30.4828586863048,Exposed
294,ASP,109.56816864013672,56.77107183426773,Exposed
295,PRO,2.2317731380462646,1.4036309044316129,Burried
296,LEU,44.75205612182617,22.264704538221977,Burried
297,SER,41.6000862121582,26.838765298166585,Exposed
298,GLU,77.68744659423828,34.83741999741627,Exposed
299,THR,3.5697708129882812,2.07544814708621,Burried
300,LYS,112.97164916992188,47.869342868610964,Exposed
301,CYS,51.39731979370117,30.77683819982106,Exposed
302,THR,186.9967803955078,108.71905836948127,Exposed
303,LEU,216.45135498046875,107.68724128381531,Exposed
304,LYS,336.009521484375,142.37691588320976,Exposed
305,SER,88.7557373046875,57.26176600302419,Exposed
306,PHE,149.90867614746094,62.46194839477539,Exposed
307,THR,270.63543701171875,157.3461843091388,Exposed
308,VAL,16.897165298461914,9.711014539345927,Burried
309,GLU,370.2728576660156,166.04164020897562,Exposed
310,LYS,311.2762756347656,131.89672696388374,Exposed
311,GLY,44.79265594482422,43.0698614854079,Exposed
312,ILE,185.2449951171875,94.03299244527284,Exposed
313,TYR,131.75537109375,50.09709927519012,Exposed
314,GLN,285.6331787109375,126.94807942708333,Exposed
315,THR,63.60527038574219,36.9798083638036,Exposed
316,SER,134.8765869140625,87.01715284778226,Exposed
317,ASN,206.6221160888672,105.96005953275241,Exposed
318,PHE,66.94195556640625,27.892481486002602,Exposed
319,ARG,177.46022033691406,64.76650377259638,Exposed
320,VAL,122.37628173828125,70.33119640131106,Exposed
321,GLN,268.0343322753906,119.1263699001736,Exposed
322,PRO,176.72750854492188,111.14937644334708,Exposed
323,THR,259.8002624511719,151.0466642157976,Exposed
324,GLU,203.3668212890625,91.19588398612667,Exposed
325,SER,234.81802368164062,151.49549914944555,Exposed
326,ILE,15.839317321777344,8.040262599886978,Burried
327,VAL,89.91773223876953,51.676857608488234,Exposed
328,ARG,71.03840637207031,25.92642568323734,Exposed
329,PHE,46.85167694091797,19.52153205871582,Burried
330,PRO,139.5337371826172,87.75706741045106,Exposed
331,ASN,366.4857482910156,187.941409380008,Exposed
332,ILE,197.2545928955078,100.12923497233899,Exposed
333,THR,362.93267822265625,211.00737105968386,Exposed
334,ASN,240.5174560546875,123.34228515625001,Exposed
335,LEU,375.2264099121094,186.67980592642257,Exposed
336,CYS,54.94624328613281,32.90194208750468,Exposed
337,PRO,161.74319458007812,101.72527961011201,Exposed
338,PHE,114.37921905517578,47.65800793965658,Exposed
339,GLY,139.6714324951172,134.2994543222281,Exposed
340,GLU,312.09368896484375,139.95232689006448,Exposed
341,VAL,47.10862731933594,27.073923746744793,Exposed
342,PHE,90.96941375732422,37.90392239888509,Exposed
343,ASN,380.6141357421875,195.1867362780449,Exposed
344,ALA,85.74943542480469,66.4724305618641,Exposed
345,THR,342.3660888671875,199.05005166696947,Exposed
346,ARG,531.9942016601562,194.15846775918112,Exposed
347,PHE,54.72922897338867,22.803845405578613,Burried
348,ALA,80.10753631591797,62.09886536117673,Exposed
349,SER,44.562538146972656,28.750024610950103,Exposed
350,VAL,5.276916027069092,3.032710360384536,Burried
351,TYR,166.37265014648438,63.259562793340066,Exposed
352,ALA,95.45980834960938,73.99985143380572,Exposed
353,TRP,45.098655700683594,15.824089719538105,Burried
354,ASN,228.5713348388672,117.21606914813702,Exposed
355,ARG,323.2921447753906,117.98983385963162,Exposed
356,LYS,214.98558044433594,91.09558493404066,Exposed
357,ARG,378.1851501464844,138.02377742572423,Exposed
358,ILE,31.77487564086914,16.129378497903115,Burried
359,SER,111.59815216064453,71.99880784557712,Exposed
360,ASN,230.4033660888672,118.15557235326521,Exposed
361,CYS,14.201191902160645,8.503707725844697,Burried
362,VAL,99.31659698486328,57.078504014289244,Exposed
363,ALA,8.37249755859375,6.490308184956395,Burried
364,ASP,171.13124084472656,88.6690367071122,Exposed
365,TYR,76.89544677734375,29.237812462868344,Exposed
366,SER,117.86335754394531,76.04087583480343,Exposed
367,VAL,249.20803833007812,143.22301053452767,Exposed
368,LEU,46.794498443603516,23.28084499681767,Burried
369,TYR,140.8480682373047,53.55439856931737,Exposed
370,ASN,214.79393005371094,110.1507333608774,Exposed
371,SER,199.6461181640625,128.80394720262098,Exposed
372,ALA,180.6000518798828,140.0000402169634,Exposed
373,SER,231.45803833007812,149.32776666456652,Exposed
374,PHE,130.4755401611328,54.36480840047201,Exposed
375,SER,212.773681640625,137.27334299395162,Exposed
376,THR,117.29238891601562,68.19324936977652,Exposed
377,PHE,110.85266876220703,46.18861198425293,Exposed
378,LYS,299.25689697265625,126.80376990366791,Exposed
379,CYS,76.28514099121094,45.67972514443769,Exposed
380,TYR,234.37290954589844,89.11517473228078,Exposed
381,GLY,104.83570098876953,100.80355864304762,Exposed
382,VAL,34.83795928955078,20.021815683649873,Burried
383,SER,87.61957550048828,56.52875838741179,Exposed
384,PRO,108.39286041259766,68.17161032238846,Exposed
385,THR,216.6556854248047,125.962607805119,Exposed
386,LYS,239.65646362304688,101.54934899281646,Exposed
387,LEU,24.904369354248047,12.390233509576143,Burried
388,ASN,87.61406707763672,44.93029080904447,Exposed
389,ASP,235.73028564453125,122.1400443754048,Exposed
390,LEU,96.83975219726562,48.17898119266947,Exposed
391,CYS,71.1405029296875,42.59910355071108,Exposed
392,PHE,27.895553588867188,11.623147328694662,Burried
393,THR,37.65453338623047,21.89217057338981,Burried
394,ASN,96.94086456298828,49.71326387845553,Exposed
395,VAL,19.754167556762695,11.352969860208445,Burried
396,TYR,126.91490936279297,48.256619529579076,Exposed
397,ALA,10.986804008483887,8.516902332158052,Burried
398,ASP,10.756852149963379,5.573498523297087,Burried
399,SER,32.972625732421875,21.272661762852824,Burried
400,PHE,2.729782819747925,1.137409508228302,Burried
401,VAL,9.028454780578613,5.1887671152750645,Burried
402,ILE,9.67087459564209,4.909073398803091,Burried
403,ARG,159.29080200195312,58.135329197793105,Exposed
404,GLY,53.0748405456543,51.033500524667595,Exposed
405,ASP,181.2918243408203,93.93358774135767,Exposed
406,GLU,69.39420318603516,31.11847676503819,Exposed
407,VAL,165.75534057617188,95.26168998630567,Exposed
408,ARG,401.60498046875,146.57116075501824,Exposed
409,GLN,51.64244079589844,22.952195909288196,Burried
410,ILE,34.371463775634766,17.447443540931353,Burried
411,ALA,58.812355041503906,45.590972900390625,Exposed
412,PRO,106.5128173828125,66.98919332252359,Exposed
413,GLY,108.07347106933594,103.91679910513072,Exposed
414,GLN,232.9180908203125,103.51915147569444,Exposed
415,THR,182.3289794921875,106.00522063499274,Exposed
416,GLY,38.381797790527344,36.905574798583984,Exposed
417,LYS,218.40574645996094,92.54480782201735,Exposed
418,ILE,13.000411987304688,6.59919390218512,Burried
419,ALA,18.976953506469727,14.71081667168196,Burried
420,ASP,102.44023132324219,53.07784006385605,Exposed
421,TYR,142.01931762695312,53.99974054256773,Exposed
422,ASN,8.458061218261719,4.3374672914162655,Burried
423,TYR,14.803349494934082,5.628649998073795,Burried
424,LYS,117.33370971679688,49.717673608812234,Exposed
425,LEU,33.14736557006836,16.491226651775303,Burried
426,PRO,73.59049224853516,46.28332845819821,Exposed
427,ASP,315.46142578125,163.4515159488342,Exposed
428,ASP,389.2837829589844,201.7014419476603,Exposed
429,PHE,45.97243118286133,19.155179659525555,Burried
430,THR,102.5963363647461,59.64903277020122,Exposed
431,GLY,0.0,0.0,Burried
432,CYS,16.74711036682129,10.02820980049179,Burried
433,VAL,46.9913330078125,27.006513222880745,Exposed
434,ILE,9.077990531921387,4.608117021279892,Burried
435,ALA,12.161447525024414,9.427478701569312,Burried
436,TRP,107.82431030273438,37.83309133429276,Exposed
437,ASN,260.057861328125,133.3630058092949,Exposed
438,SER,22.405941009521484,14.455445812594506,Burried
439,ASN,149.06082153320312,76.44144694010416,Exposed
440,ASN,401.6133117675781,205.95554449619394,Exposed
441,LEU,324.7833251953125,161.58374387826493,Exposed
442,ASP,12.339309692382812,6.393424711079178,Burried
443,SER,49.68878936767578,32.05728346301663,Exposed
444,LYS,412.7802734375,174.90689552436442,Exposed
447,GLY,82.70122528076172,79.52040892380936,Exposed
448,ASN,36.78168869018555,18.86240445650541,Burried
449,TYR,416.6391906738281,158.41794322198788,Exposed
450,ASN,251.96109008789062,129.2108154296875,Exposed
451,TYR,42.03080749511719,15.981295625519842,Burried
452,LEU,137.59552001953125,68.4554825967817,Exposed
453,TYR,98.6419906616211,37.50646032761259,Exposed
454,ARG,38.61399459838867,14.092698758536013,Burried
455,LEU,130.3308868408203,64.84123723423896,Exposed
456,PHE,186.8396453857422,77.84985224405925,Exposed
457,ARG,120.80917358398438,44.09093926422788,Exposed
458,LYS,405.5693664550781,171.85142646401616,Exposed
459,SER,203.48826599121094,131.28275225239418,Exposed
460,ASN,290.83599853515625,149.14666591546475,Exposed
461,LEU,54.3829345703125,27.056186353389304,Exposed
462,LYS,369.23187255859375,156.45418328753973,Exposed
463,PRO,162.96688842773438,102.49489838222287,Exposed
464,PHE,172.5835418701172,71.90980911254883,Exposed
465,GLU,161.64840698242188,72.4880748800098,Exposed
466,ARG,258.1669616699219,94.22151885763571,Exposed
467,ASP,95.72684478759766,49.599401444351116,Exposed
468,ILE,231.40098571777344,117.46242929836215,Exposed
469,SER,131.03680419921875,84.53987367691532,Exposed
470,THR,280.642822265625,163.16443154978197,Exposed
471,GLU,360.6999816894531,161.74887071275924,Exposed
472,ILE,121.50463104248047,61.67747768653831,Exposed
473,TYR,172.71218872070312,65.67003373410765,Exposed
474,GLN,195.84996032714844,87.04442681206596,Exposed
475,ALA,170.9864044189453,132.5476003247638,Exposed
476,GLY,77.87339782714844,74.87826714148889,Exposed
477,SER,339.8151550292969,219.23558388986896,Exposed
478,THR,180.38282775878906,104.8737370690634,Exposed
479,PRO,301.23126220703125,189.4536240295794,Exposed
480,CYS,55.97455596923828,33.51769818517262,Exposed
481,ASN,413.95098876953125,212.28255834334936,Exposed
482,GLY,164.75660705566406,158.41981447660004,Exposed
483,VAL,292.16064453125,167.90841639727012,Exposed
484,GLU,304.593505859375,136.5890160804372,Exposed
485,GLY,154.183837890625,148.2536902794471,Exposed
486,PHE,377.36737060546875,157.2364044189453,Exposed
487,ASN,207.36038208007812,106.33865747696314,Exposed
488,CYS,38.43412399291992,23.01444550474247,Burried
489,TYR,295.7932434082031,112.46891384342324,Exposed
490,PHE,290.0660400390625,120.86085001627605,Exposed
491,PRO,13.368915557861328,8.408122992365614,Burried
492,LEU,74.077880859375,36.85466709421642,Exposed
493,GLN,253.6310577392578,112.72491455078124,Exposed
494,SER,98.71822357177734,63.68917649792086,Exposed
495,TYR,56.67271423339844,21.548560545018418,Burried
496,GLY,126.59326934814453,121.72429745013898,Exposed
497,PHE,8.850151062011719,3.687562942504883,Burried
498,GLN,214.7825927734375,95.45893012152777,Exposed
499,PRO,216.5975341796875,136.2248642639544,Exposed
500,THR,345.1923522949219,200.69322807844293,Exposed
501,ASN,236.8011474609375,121.43648587740385,Exposed
502,GLY,112.71566772460938,108.38044973520131,Exposed
503,VAL,324.4434509277344,186.4617534067439,Exposed
504,GLY,70.27952575683594,67.5764670738807,Exposed
505,TYR,292.3457336425781,111.1580736283567,Exposed
506,GLN,110.38880157470703,49.061689588758675,Exposed
507,PRO,3.9550302028656006,2.487440379160755,Burried
508,TYR,116.7003402709961,44.37275295475136,Exposed
509,ARG,56.19504165649414,20.50913929069129,Burried
510,VAL,12.545907974243164,7.210291939220209,Burried
511,VAL,5.4854960441589355,3.1525839334246757,Burried
512,VAL,3.8793582916259766,2.229516259555159,Burried
513,LEU,53.15795135498047,26.446741967651977,Exposed
514,SER,53.09114456176758,34.25235133017263,Exposed
515,PHE,61.55695724487305,25.64873218536377,Exposed
516,GLU,221.45140075683594,99.3055608775049,Exposed
517,LEU,183.46932983398438,91.27827354924595,Exposed
518,LEU,248.6737518310547,123.71828449306204,Exposed
519,HIS,284.5289611816406,127.02185767037528,Exposed
520,ALA,85.0508041381836,65.93085592107255,Exposed
521,PRO,156.0763397216797,98.16121995074194,Exposed
522,ALA,108.24807739257812,83.91323828882025,Exposed
523,THR,117.14679718017578,68.10860301173011,Exposed
524,VAL,14.418245315551758,8.28634788250101,Burried
525,CYS,53.0787239074707,31.783667010461496,Exposed
526,GLY,26.939403533935547,25.90327262878418,Exposed
527,PRO,139.7347412109375,87.88348503832547,Exposed
528,LYS,258.5620422363281,109.56018738827463,Exposed
529,LYS,485.2775573730469,205.62608363264698,Exposed
530,SER,149.63624572753906,96.53951337260584,Exposed
531,THR,170.7284393310547,99.26072054131086,Exposed
532,ASN,327.0466613769531,167.7162366035657,Exposed
533,LEU,149.45826721191406,74.35734687159903,Exposed
534,VAL,116.28398895263672,66.82987870841191,Exposed
535,LYS,218.22683715820312,92.46899879584878,Exposed
536,ASN,321.88641357421875,165.06995567908655,Exposed
537,LYS,232.7983856201172,98.64338373733779,Exposed
538,CYS,32.98203659057617,19.74972250932705,Burried
539,VAL,0.14612282812595367,0.08397863685399637,Burried
540,ASN,162.573974609375,83.37126903044872,Exposed
541,PHE,32.325286865234375,13.46886952718099,Burried
542,ASN,86.71810150146484,44.47082128280249,Exposed
543,PHE,16.31612777709961,6.798386573791504,Burried
544,ASN,147.24928283691406,75.51245273687901,Exposed
545,GLY,67.95401763916016,65.34040157611554,Exposed
546,LEU,102.29302215576172,50.89205082376205,Exposed
547,THR,165.09475708007812,95.98532388376636,Exposed
548,GLY,52.430686950683594,50.414122067964996,Exposed
549,THR,146.0430145263672,84.90872937579488,Exposed
550,GLY,0.179544135928154,0.1726385922386096,Burried
551,VAL,84.79621124267578,48.73345473716999,Exposed
552,LEU,11.261943817138672,5.602957122954563,Burried
553,THR,133.420166015625,77.56986396257267,Exposed
554,GLU,352.49127197265625,158.0678349653167,Exposed
555,SER,79.89694213867188,51.54641428301411,Exposed
556,ASN,430.9971923828125,221.0242012219551,Exposed
557,LYS,220.7627410888672,93.54353435968949,Exposed
558,LYS,395.75103759765625,167.69111762612553,Exposed
559,PHE,73.36366271972656,30.568192799886067,Exposed
560,LEU,116.1666488647461,57.7943526690279,Exposed
561,PRO,363.4311218261719,228.57303259507665,Exposed
562,PHE,90.96196746826172,37.90081977844238,Exposed
563,GLN,6.034238338470459,2.6818837059868708,Burried
564,GLN,135.0482177734375,60.02143012152777,Exposed
565,PHE,98.4168930053711,41.00703875223795,Exposed
566,GLY,5.148272514343262,4.9502620330223674,Burried
567,ARG,204.2113494873047,74.52968959390682,Exposed
568,ASP,124.35875701904297,64.43458912903782,Exposed
569,ILE,227.38209533691406,115.42238341975333,Exposed
570,ALA,12.883720397949219,9.987380153449006,Burried
571,ASP,158.7332763671875,82.2452209156412,Exposed
572,THR,129.41085815429688,75.23887101994005,Exposed
573,THR,118.5327377319336,68.91438240228698,Exposed
574,ASP,113.78573608398438,58.95633993988828,Exposed
575,ALA,2.122262477874756,1.6451647115308186,Burried
576,VAL,8.583717346191406,4.933170888615751,Burried
577,ARG,114.38774108886719,41.747350762360284,Exposed
578,ASP,2.143824815750122,1.1107900599741565,Burried
579,PRO,87.84447479248047,55.2480973537613,Exposed
580,GLN,209.88800048828125,93.28355577256944,Exposed
581,THR,231.9082489013672,134.83037726823676,Exposed
582,LEU,360.2066650390625,179.20729603933458,Exposed
583,GLU,182.58554077148438,81.87692411277327,Exposed
584,ILE,55.32781219482422,28.085183855240718,Exposed
585,LEU,7.5176568031311035,3.740127762751793,Burried
586,ASP,133.72874450683594,69.28950492582173,Exposed
587,ILE,71.09493255615234,36.08879825185398,Exposed
588,THR,141.90179443359375,82.5010432753452,Exposed
589,PRO,120.96175384521484,76.07657474541814,Exposed
590,CYS,70.80033111572266,42.39540785372614,Exposed
591,SER,90.36469268798828,58.29980173418598,Exposed
592,PHE,44.80698776245117,18.669578234354656,Burried
593,GLY,47.54179000854492,45.71325962360089,Exposed
594,GLY,35.067649841308594,33.718894078181336,Exposed
595,VAL,16.061180114746094,9.230563284336837,Burried
596,SER,28.129348754882812,18.14796693863407,Burried
597,VAL,5.4033284187316895,3.1053611601906264,Burried
598,ILE,10.306297302246094,5.231622996064007,Burried
599,THR,9.216392517089844,5.358367742494095,Burried
600,PRO,42.71989059448242,26.867855719800264,Exposed
601,GLY,21.10186767578125,20.29025738055889,Burried
602,THR,126.21076202392578,73.37835001391035,Exposed
603,ASN,455.0721130371094,233.37031437800482,Exposed
604,THR,250.56874084472656,145.67950049112008,Exposed
605,SER,62.20340347290039,40.13122804703251,Exposed
606,ASN,297.7666931152344,152.70086826422275,Exposed
607,GLN,225.22006225585938,100.0978054470486,Exposed
608,VAL,21.415132522583008,12.307547426771844,Burried
609,ALA,3.2422282695770264,2.513355247734129,Burried
610,VAL,0.1820308417081833,0.10461542626907085,Burried
611,LEU,22.0950870513916,10.992580622582887,Burried
612,TYR,6.74658727645874,2.5652423104405857,Burried
613,GLN,98.28568267822266,43.682525634765625,Exposed
614,ASP,177.39674377441406,91.91541128207983,Exposed
615,VAL,26.837039947509766,15.423586176729751,Burried
616,ASN,254.49588012695312,130.51070775741184,Exposed
617,CYS,84.94658660888672,50.86621952627948,Exposed
618,THR,327.3439636230469,190.3162579203761,Exposed
619,GLU,181.65701293945312,81.46054391903728,Exposed
620,VAL,5.074357986450195,2.916297693362181,Burried
621,PRO,149.0367889404297,93.73382952228282,Exposed
622,VAL,316.48785400390625,181.8895712666128,Exposed
623,ALA,13.22594928741455,10.252673866212831,Burried
624,ILE,53.42006301879883,27.116783258273518,Exposed
625,HIS,185.7524871826172,82.92521749223981,Exposed
626,ALA,51.32123947143555,39.7839065670043,Exposed
627,ASP,403.0035400390625,208.81012437257124,Exposed
628,GLN,328.28851318359375,145.906005859375,Exposed
629,LEU,122.07456970214844,60.73361676723803,Exposed
630,THR,79.13206481933594,46.00701442984648,Exposed
631,PRO,285.1962890625,179.36873525943395,Exposed
632,THR,170.90765380859375,99.36491500499636,Exposed
633,TRP,47.215755462646484,16.56693174127947,Burried
634,ARG,349.9547424316406,127.72070891665717,Exposed
635,VAL,271.16583251953125,155.84243248248924,Exposed
636,TYR,133.3055419921875,50.6865178677519,Exposed
637,SER,22.903270721435547,14.77630369124874,Burried
638,THR,217.17489624023438,126.26447455827581,Exposed
639,GLY,156.95309448242188,150.91643700232873,Exposed
640,SER,342.51336669921875,220.97636561239918,Exposed
641,ASN,176.14137268066406,90.32890906700722,Exposed
642,VAL,189.98724365234375,109.18807106456538,Exposed
643,PHE,106.36035919189453,44.316816329956055,Exposed
644,GLN,264.5370178222656,117.57200792100694,Exposed
645,THR,48.75743865966797,28.34734805794649,Exposed
646,ARG,589.3728637695312,215.0995853173472,Exposed
647,ALA,25.66010284423828,19.891552592432777,Burried
648,GLY,6.0192084312438965,5.787700414657593,Burried
649,CYS,0.20879977941513062,0.12502980803301234,Burried
650,LEU,5.777719497680664,2.874487312278937,Burried
651,ILE,12.330642700195312,6.2592094924849295,Burried
652,GLY,69.35919952392578,66.69153800377478,Exposed
653,ALA,10.831655502319336,8.39663217234057,Burried
654,GLU,236.1556396484375,105.8993899768778,Exposed
655,HIS,272.0477294921875,121.4498792375837,Exposed
656,VAL,110.89708709716797,63.733958101820676,Exposed
657,ASN,450.8724365234375,231.21663411458334,Exposed
658,ASN,269.2511291503906,138.07750212840543,Exposed
659,SER,187.13682556152344,120.73343584614416,Exposed
660,TYR,263.5950622558594,100.22625941287428,Exposed
661,GLU,371.1275634765625,166.4249163572029,Exposed
662,CYS,158.56935119628906,94.9517073031671,Exposed
663,ASP,195.47398376464844,101.28185687287483,Exposed
664,ILE,30.520954132080078,15.492870117807147,Burried
665,PRO,186.3489532470703,117.20059952645931,Exposed
666,ILE,68.66757202148438,34.8566355439007,Exposed
667,GLY,13.207118034362793,12.69915195611807,Burried
668,ALA,81.54940032958984,63.21658940278283,Exposed
669,GLY,6.609805107116699,6.355581833766057,Burried
670,ILE,64.92772674560547,32.958236926703286,Exposed
671,CYS,0.0,0.0,Burried
672,ALA,9.270567893981934,7.186486739520878,Burried
673,SER,58.909400939941406,38.00606512254284,Exposed
674,TYR,187.75421142578125,71.38943400219819,Exposed
675,GLN,248.7501220703125,110.55560980902779,Exposed
676,THR,372.8382568359375,216.7664283929869,Exposed
689,SER,388.8800964355469,250.890384797127,Exposed
690,GLN,229.0801544189453,101.8134019639757,Exposed
691,SER,118.91338348388672,76.7183119250882,Exposed
692,ILE,25.905359268188477,13.14992856253222,Burried
693,ILE,37.34006118774414,18.95434578058078,Burried
694,ALA,0.8177872896194458,0.6339436353639115,Burried
695,TYR,10.056147575378418,3.8236302567978777,Burried
696,THR,186.981201171875,108.71000068132268,Exposed
697,MET,70.73462677001953,31.577958379473003,Exposed
698,SER,121.08734893798828,78.12087028257308,Exposed
699,LEU,54.27863693237305,27.004296981280124,Exposed
700,GLY,102.73145294189453,98.78024321336014,Exposed
701,ALA,160.69247436523438,124.56780958545299,Exposed
702,GLU,344.1720275878906,154.3372321021931,Exposed
703,ASN,165.78533935546875,85.01812274639423,Exposed
704,SER,211.4583740234375,136.4247574344758,Exposed
705,VAL,47.09735107421875,27.067443146102732,Exposed
706,ALA,197.34725952148438,152.9823717220809,Exposed
707,TYR,84.10319519042969,31.978401213091136,Exposed
708,SER,123.53218078613281,79.69818115234375,Exposed
709,ASN,274.25103759765625,140.64155774238782,Exposed
710,ASN,213.06277465820312,109.2629613631811,Exposed
711,SER,65.35153198242188,42.16227869833669,Exposed
712,ILE,20.90920639038086,10.613810350447137,Burried
713,ALA,29.08495330810547,22.546475432639898,Burried
714,ILE,7.23612642288208,3.673160620752325,Burried
715,PRO,3.820936679840088,2.4031048300881057,Burried
716,THR,115.27061462402344,67.01779920001363,Exposed
717,ASN,158.38668823242188,81.22394268329327,Exposed
718,PHE,28.073198318481445,11.697165966033936,Burried
719,THR,171.2621307373047,99.571006242619,Exposed
720,ILE,48.00877380371094,24.36993594097002,Burried
721,SER,98.02417755126953,63.2414048717868,Exposed
722,VAL,55.194339752197266,31.7208849150559,Exposed
723,THR,173.5198974609375,100.88366131449855,Exposed
724,THR,196.4654998779297,114.22412783600564,Exposed
725,GLU,150.4312286376953,67.45795006174677,Exposed
726,ILE,74.98796081542969,38.064954728644516,Exposed
727,LEU,31.08690643310547,15.466122603535059,Burried
728,PRO,45.348880767822266,28.521308659007715,Exposed
729,VAL,9.063146591186523,5.208704937463519,Burried
730,SER,48.70970916748047,31.425618817729333,Exposed
731,MET,24.007638931274414,10.717695951461792,Burried
732,THR,120.78218078613281,70.22219813147257,Exposed
733,LYS,73.94313049316406,31.331834954730535,Exposed
734,THR,53.76857376098633,31.260798698247864,Exposed
735,SER,84.77670288085938,54.69464701990927,Exposed
736,VAL,36.15815353393555,20.780548008008935,Burried
737,ASP,91.52706146240234,47.42334790798049,Exposed
738,CYS,13.872529029846191,8.306903610686343,Burried
739,THR,169.66867065429688,98.64457596180051,Exposed
740,MET,97.80870056152344,43.66459846496582,Exposed
741,TYR,18.66683578491211,7.097656191981791,Burried
742,ILE,6.009964942932129,3.0507436258538725,Burried
743,CYS,7.716110706329346,4.6204255726523025,Burried
744,GLY,123.98210906982422,119.21356641329253,Exposed
745,ASP,282.0063171386719,146.1172627661512,Exposed
746,SER,56.58557891845703,36.50682510868196,Exposed
747,THR,292.33935546875,169.96474155159885,Exposed
748,GLU,296.54925537109375,132.98172886596132,Exposed
749,CYS,5.8189005851745605,3.4843716078889586,Burried
750,SER,108.01309967041016,69.68587075510332,Exposed
751,ASN,276.8052062988281,141.9513878455529,Exposed
752,LEU,58.44157791137695,29.075411896207438,Exposed
753,LEU,62.81540298461914,31.2514442709548,Exposed
754,LEU,378.2689514160156,188.19350816717196,Exposed
755,GLN,150.79225158691406,67.01877848307292,Exposed
756,TYR,76.7615966796875,29.186918889615022,Exposed
757,GLY,120.7926254272461,116.14675521850586,Exposed
758,SER,102.8284683227539,66.34094730500252,Exposed
759,PHE,45.3541145324707,18.897547721862793,Burried
760,CYS,87.77031707763672,52.55707609439324,Exposed
761,THR,219.1072235107422,127.38792064578035,Exposed
762,GLN,121.87901306152344,54.16845024956597,Exposed
763,LEU,37.66965103149414,18.741119916166237,Burried
764,ASN,165.7025146484375,84.97564853766025,Exposed
765,ARG,322.2503967285156,117.60963384252395,Exposed
766,ALA,48.20498275756836,37.36820368803749,Exposed
767,LEU,38.27156448364258,19.04057934509581,Burried
768,THR,211.0039825439453,122.67673403717751,Exposed
769,GLY,123.24666595458984,118.50640957172101,Exposed
770,ILE,39.27845001220703,19.93829949858225,Burried
771,ALA,38.86996841430664,30.131758460702823,Exposed
772,VAL,288.8681640625,166.01618624281608,Exposed
773,GLU,147.80433654785156,66.27997154612177,Exposed
774,GLN,11.347991943359375,5.043551974826388,Burried
775,ASP,109.0919189453125,56.52431033435881,Exposed
776,LYS,360.9037170410156,152.92530383093884,Exposed
777,ASN,0.3289145529270172,0.16867412970616266,Burried
778,THR,57.1930046081543,33.25174686520599,Exposed
779,GLN,238.51817321777344,106.00807698567709,Exposed
780,GLU,163.89337158203125,73.49478546279428,Exposed
781,VAL,0.0,0.0,Burried
782,PHE,15.649642944335938,6.520684560139974,Burried
783,ALA,61.83614730834961,47.934997913449315,Exposed
784,GLN,146.1427001953125,64.95231119791667,Exposed
785,VAL,46.34321975708008,26.63403434314947,Exposed
786,LYS,344.4455871582031,145.95151998228945,Exposed
787,GLN,193.69532775878906,86.08681233723958,Exposed
788,ILE,52.090232849121094,26.441742563005633,Exposed
789,TYR,58.65885543823242,22.30374731491727,Burried
790,LYS,280.18408203125,118.72206865730932,Exposed
791,THR,147.4617462158203,85.73357338129088,Exposed
792,PRO,48.24745559692383,30.34431169617851,Exposed
793,PRO,378.8802185058594,238.2894456011694,Exposed
794,ILE,360.59954833984375,183.04545601007297,Exposed
795,LYS,320.93096923828125,135.9876988297802,Exposed
796,ASP,211.70079040527344,109.68952870739557,Exposed
797,PHE,17.869476318359375,7.445615132649739,Burried
798,GLY,101.93693542480469,98.0162840623122,Exposed
799,GLY,150.4120635986328,144.62698422945465,Exposed
800,PHE,69.4767074584961,28.948628107706703,Exposed
801,ASN,261.9344787597656,134.32537372295673,Exposed
802,PHE,22.685649871826172,9.452354113260904,Burried
803,SER,170.19073486328125,109.80047410534274,Exposed
804,GLN,171.55624389648438,76.24721950954861,Exposed
805,ILE,22.688724517822266,11.51711904457983,Burried
806,LEU,37.421424865722656,18.6176243113048,Burried
807,PRO,149.44027709960938,93.98759566013169,Exposed
808,ASP,155.50624084472656,80.57318178483241,Exposed
809,PRO,335.9502868652344,211.289488594487,Exposed
810,SER,321.7435607910156,207.57649083291332,Exposed
811,LYS,219.16952514648438,92.86844285867983,Exposed
812,PRO,394.68255615234375,248.22802273732313,Exposed
813,SER,95.16323852539062,61.39563775831653,Exposed
814,LYS,282.3623962402344,119.64508315264169,Exposed
815,ARG,148.3611297607422,54.14639772289861,Exposed
816,SER,6.0961480140686035,3.9329987187539377,Burried
817,PHE,249.21351623535156,103.83896509806314,Exposed
818,ILE,14.91840934753418,7.572796623113796,Burried
819,GLU,18.457876205444336,8.277074531589388,Burried
820,ASP,114.0176010131836,59.07647720890342,Exposed
821,LEU,100.85533142089844,50.176781801442004,Exposed
822,LEU,9.768506050109863,4.859953258761126,Burried
823,PHE,121.78038024902344,50.741825103759766,Exposed
824,ASN,333.49542236328125,171.0232935196314,Exposed
825,LYS,191.15313720703125,80.99709203687765,Exposed
826,VAL,72.11144256591797,41.44335779650458,Exposed
827,THR,214.88839721679688,124.93511466092842,Exposed
828,LEU,288.5015869140625,143.53312781794153,Exposed
829,ALA,141.4463653564453,109.64834523755451,Exposed
830,ASP,210.54425048828125,109.09028522708873,Exposed
831,ALA,101.82106018066406,78.93105440361555,Exposed
832,GLY,44.14145278930664,42.44370460510254,Exposed
833,PHE,20.830673217773438,8.679447174072266,Burried
834,ILE,49.74628448486328,25.25192105830623,Exposed
835,LYS,218.53414916992188,92.5992157499669,Exposed
836,GLN,108.36207580566406,48.16092258029514,Exposed
837,TYR,30.969703674316406,11.77555272787696,Burried
838,GLY,71.2436294555664,68.50348986112155,Exposed
839,ASP,217.9971923828125,112.95191315171633,Exposed
840,CYS,84.4196548461914,50.55069152466552,Exposed
841,LEU,288.6687316894531,143.6162844226135,Exposed
851,CYS,163.5543975830078,97.93676501976516,Exposed
852,ALA,77.47660827636719,60.05938626074976,Exposed
853,GLN,52.808021545410156,23.47023179796007,Burried
854,LYS,212.7168426513672,90.13425536074881,Exposed
855,PHE,171.64283752441406,71.51784896850586,Exposed
856,ASN,97.90190887451172,50.206107115134216,Exposed
857,GLY,9.074353218078613,8.725339632767898,Burried
858,LEU,26.26512336730957,13.067225555875408,Burried
859,THR,63.89923858642578,37.150720108387084,Exposed
860,VAL,146.6811981201172,84.29953914949265,Exposed
861,LEU,134.4164276123047,66.87384458323616,Exposed
862,PRO,128.5570526123047,80.85349220899666,Exposed
863,PRO,202.95291137695312,127.64334048864976,Exposed
864,LEU,85.60707092285156,42.59058254868237,Exposed
865,LEU,60.429561614990234,30.064458514920517,Exposed
866,THR,135.9160614013672,79.02096593102743,Exposed
867,ASP,244.55062866210938,126.71017029124837,Exposed
868,GLU,265.0001220703125,118.83413545753925,Exposed
869,MET,57.03572082519531,25.462375368390767,Exposed
870,ILE,69.0638656616211,35.05779982823406,Exposed
871,ALA,13.508777618408203,10.471920634424963,Burried
872,GLN,216.00625610351562,96.00278049045139,Exposed
873,TYR,22.73955535888672,8.646218767637535,Burried
874,THR,9.74543571472168,5.665950996931209,Burried
875,SER,80.3533935546875,51.84089906754033,Exposed
876,ALA,1.5479556322097778,1.1999656063641688,Burried
877,LEU,0.5636508464813232,0.28042330670712595,Burried
878,LEU,9.779967308044434,4.865655377136534,Burried
879,ALA,10.928948402404785,8.472053025119989,Burried
880,GLY,2.1513278484344482,2.068584469648508,Burried
881,THR,7.525755882263184,4.375439466432083,Burried
882,ILE,8.886536598205566,4.510932283353079,Burried
883,THR,1.0989749431610107,0.6389389204424482,Burried
884,SER,8.32509994506836,5.3710322226247476,Burried
885,GLY,8.328466415405273,8.008140784043533,Burried
886,TRP,282.045654296875,98.96338747258771,Exposed
887,THR,82.2640609741211,47.82794242681459,Exposed
888,PHE,32.35818862915039,13.48257859547933,Burried
889,GLY,22.740148544311523,21.865527446453388,Burried
890,ALA,32.520538330078125,25.209719635719473,Exposed
891,GLY,98.85272216796875,95.05069439227765,Exposed
892,ALA,146.25230407714844,113.37387912957244,Exposed
893,ALA,77.77851867675781,60.29342533082001,Exposed
894,LEU,64.25454711914062,31.967436377681903,Exposed
895,GLN,45.061527252197266,20.02734544542101,Burried
896,ILE,58.37320327758789,29.631067653597913,Exposed
897,PRO,26.183273315429688,16.467467493980937,Burried
898,PHE,11.673510551452637,4.863962729771932,Burried
899,ALA,59.64920425415039,46.23969322027162,Exposed
900,MET,41.94053649902344,18.723453794206893,Burried
901,GLN,30.290416717529297,13.462407430013021,Burried
902,MET,26.59645652770996,11.873418092727661,Burried
903,ALA,1.0145848989486694,0.7864999216656352,Burried
904,TYR,94.70343017578125,36.00890881208412,Exposed
905,ARG,11.43126106262207,4.171993088548201,Burried
906,PHE,0.1763249933719635,0.07346874723831812,Burried
907,ASN,204.39578247070312,104.81834998497597,Exposed
908,GLY,82.91118621826172,79.72229444063626,Exposed
909,ILE,78.82453155517578,40.01245256607908,Exposed
910,GLY,127.24968719482422,122.35546845656175,Exposed
911,VAL,7.852418422698975,4.512884150976422,Burried
912,THR,124.5401840209961,72.40708373313727,Exposed
913,GLN,31.318933486938477,13.919525994194878,Burried
914,ASN,7.175625324249268,3.679807858589368,Burried
915,VAL,3.499697685241699,2.0113205087595976,Burried
916,LEU,13.20582389831543,6.570061640952949,Burried
917,TYR,32.06000518798828,12.190116041060183,Burried
918,GLU,222.21701049804688,99.64888363141115,Exposed
919,ASN,134.30418395996094,68.87394049228766,Exposed
920,GLN,56.70820999145508,25.203648885091145,Exposed
921,LYS,443.2353210449219,187.81157671394993,Exposed
922,LEU,246.58778381347656,122.68048945944108,Exposed
923,ILE,9.744810104370117,4.946604113893461,Burried
924,ALA,11.9258394241333,9.244836762894032,Burried
925,ASN,287.50726318359375,147.43962214543268,Exposed
926,GLN,128.931640625,57.30295138888889,Exposed
927,PHE,27.41572380065918,11.423218250274658,Burried
928,ASN,151.3438262939453,77.61221861227965,Exposed
929,SER,199.865966796875,128.94578503024195,Exposed
930,ALA,21.116132736206055,16.36909514434578,Burried
931,ILE,45.00591278076172,22.845641005462802,Burried
932,GLY,84.34099578857422,81.09711133516751,Exposed
933,LYS,391.08648681640625,165.71461305779926,Exposed
934,ILE,62.35955810546875,31.65459802308058,Exposed
935,GLN,127.44290924072266,56.64129299587673,Exposed
936,ASP,288.08062744140625,149.26457380383744,Exposed
937,SER,191.8321533203125,123.76267956149194,Exposed
938,LEU,73.71757507324219,36.67541048420009,Exposed
939,SER,213.74607849121094,137.90069580078125,Exposed
940,SER,155.97608947753906,100.6297351467994,Exposed
941,THR,395.42681884765625,229.89931328352105,Exposed
942,ALA,161.85098266601562,125.46587803567103,Exposed
943,SER,301.3011779785156,194.38785676033265,Exposed
944,ALA,186.40176391601562,144.49749140776404,Exposed
945,LEU,39.62355422973633,19.713211059570312,Burried
946,GLY,95.97708892822266,92.28566243098332,Exposed
947,LYS,326.01873779296875,138.14353296312237,Exposed
948,LEU,20.737741470336914,10.317284313600455,Burried
949,GLN,107.78875732421875,47.90611436631945,Exposed
950,ASP,242.4635009765625,125.62875698267486,Exposed
951,VAL,80.88999938964844,46.48850539634968,Exposed
952,VAL,92.91057586669922,53.39688268201105,Exposed
953,ASN,203.3451385498047,104.27955823066908,Exposed
954,GLN,254.7694091796875,113.23084852430556,Exposed
955,ASN,50.154563903808594,25.720289181440304,Exposed
956,ALA,56.84974670410156,44.06957108845083,Exposed
957,GLN,259.3518981933594,115.26751030815971,Exposed
958,ALA,65.65119934082031,50.892402589783195,Exposed
959,LEU,37.37211227416992,18.593090683666627,Burried
960,ASN,114.41395568847656,58.67382342998798,Exposed
961,THR,70.4443588256836,40.956022573071856,Exposed
962,LEU,17.81140899658203,8.861397510737328,Burried
963,VAL,32.98480987548828,18.95678728476338,Burried
964,LYS,318.7748107910156,135.07407236907443,Exposed
965,GLN,23.314922332763672,10.36218770345052,Burried
966,LEU,56.046974182128906,27.884066757278063,Exposed
967,SER,162.31027221679688,104.71630465599799,Exposed
968,SER,32.5810432434082,21.020027898973034,Burried
969,ASN,114.67279815673828,58.80656315730168,Exposed
970,PHE,42.828853607177734,17.84535566965739,Burried
971,GLY,76.54399108886719,73.59999143160306,Exposed
972,ALA,41.233036041259766,31.96359383043393,Exposed
973,ILE,247.72544860839844,125.7489586844662,Exposed
974,SER,66.43527221679688,42.861465946320564,Exposed
975,SER,74.07632446289062,47.79117707283266,Exposed
976,VAL,134.8024444580078,77.47266922874012,Exposed
977,LEU,62.56550979614258,31.12711930156347,Exposed
978,ASN,223.9303436279297,114.83607365534856,Exposed
979,ASP,130.2779541015625,67.50153062257125,Exposed
980,ILE,0.17954489588737488,0.09113954105958115,Burried
981,LEU,156.68418884277344,77.95233275759873,Exposed
982,SER,128.99803161621094,83.2245365265877,Exposed
983,ARG,242.64370727539062,88.556097545763,Exposed
984,LEU,99.11524963378906,49.311069469546794,Exposed
985,ASP,178.5230255126953,92.49897694958307,Exposed
986,PRO,267.6603698730469,168.33985526606722,Exposed
987,PRO,214.86312866210938,135.13404318371659,Exposed
988,GLU,296.4648132324219,132.94386243606363,Exposed
989,ALA,11.268488883972168,8.735262700753617,Burried
990,GLU,242.13375854492188,108.58016078247618,Exposed
991,VAL,197.8917694091797,113.73090195929866,Exposed
992,GLN,61.14550018310547,27.175777859157986,Exposed
993,ILE,16.737150192260742,8.49601532602068,Burried
994,ASP,105.04863739013672,54.429345797998295,Exposed
995,ARG,309.32635498046875,112.8928302848426,Exposed
996,LEU,9.045422554016113,4.500210225878663,Burried
997,ILE,5.253488540649414,2.6667454521063014,Burried
998,THR,208.9365997314453,121.47476728572401,Exposed
999,GLY,19.28493881225586,18.543210396399864,Burried
1000,ARG,49.68727111816406,18.134040554074478,Burried
1001,LEU,39.61329650878906,19.708107715815455,Burried
1002,GLN,195.78076171875,87.013671875,Exposed
1003,SER,26.849834442138672,17.32247383363785,Burried
1004,LEU,13.225850105285645,6.580024928002809,Burried
1005,GLN,114.80150604248047,51.02289157443577,Exposed
1006,THR,54.121368408203125,31.465911865234375,Exposed
1007,TYR,57.50004959106445,21.863136726640477,Burried
1008,VAL,13.756669998168945,7.906132182855716,Burried
1009,THR,79.365966796875,46.14300395167151,Exposed
1010,GLN,152.59768676757812,67.82119411892361,Exposed
1011,GLN,25.73750877380371,11.438892788357204,Burried
1012,LEU,110.81552124023438,55.13210011951959,Exposed
1013,ILE,105.2636947631836,53.43334759552467,Exposed
1014,ARG,161.3944549560547,58.90308575038492,Exposed
1015,ALA,8.242962837219238,6.389893672262975,Burried
1016,ALA,171.28811645507812,132.78148562409157,Exposed
1017,GLU,353.4283142089844,158.48803327757145,Exposed
1018,ILE,38.218406677246094,19.400206435150302,Burried
1019,ARG,154.77626037597656,56.487686268604584,Exposed
1020,ALA,185.31686401367188,143.6564837315286,Exposed
1021,SER,68.0126724243164,43.87914349955897,Exposed
1022,ALA,0.0,0.0,Burried
1023,ASN,196.36671447753906,100.7008792192508,Exposed
1024,LEU,223.90411376953125,111.39508147737874,Exposed
1025,ALA,0.0,0.0,Burried
1026,ALA,38.13631057739258,29.563031455343086,Exposed
1027,THR,136.51539611816406,79.3694163477698,Exposed
1028,LYS,32.065860748291016,13.587229130631787,Burried
1029,MET,0.2191658914089203,0.09784191580755369,Burried
1030,SER,37.183250427246094,23.98919382402974,Burried
1031,GLU,28.02251625061035,12.566150785027064,Burried
1032,CYS,3.196514844894409,1.914080745445754,Burried
1033,VAL,8.68557071685791,4.991707308539029,Burried
1034,LEU,18.188690185546875,9.049099594799442,Burried
1035,GLY,10.159892082214355,9.769127002129188,Burried
1036,GLN,105.30623626708984,46.802771674262154,Exposed
1037,SER,51.07727813720703,32.95308266916583,Exposed
1038,LYS,408.2685852050781,172.99516322249073,Exposed
1039,ARG,125.56491088867188,45.8266098133839,Exposed
1040,VAL,124.69548797607422,71.66407354946794,Exposed
1041,ASP,168.21461486816406,87.15783153790883,Exposed
1042,PHE,68.80778503417969,28.669910430908203,Exposed
1043,CYS,12.143479347229004,7.271544519298804,Burried
1044,GLY,61.850364685058594,59.471504504864036,Exposed
1045,LYS,307.9752502441406,130.497987391585,Exposed
1046,GLY,51.37161636352539,49.39578496492826,Exposed
1047,TYR,153.24612426757812,58.26848831466849,Exposed
1048,HIS,39.741764068603516,17.741858959197998,Burried
1049,LEU,1.9170714616775513,0.9537668963569907,Burried
1050,MET,23.752525329589844,10.603805950709752,Burried
1051,SER,2.8213677406311035,1.820237252020067,Burried
1052,PHE,9.733842849731445,4.055767854054769,Burried
1053,PRO,2.79815411567688,1.7598453557716227,Burried
1054,GLN,5.449555397033691,2.422024620903863,Burried
1055,SER,10.46098804473877,6.749024544992754,Burried
1056,ALA,27.284576416015625,21.150834431019863,Burried
1057,PRO,89.3177719116211,56.174699315484965,Exposed
1058,HIS,226.3976593017578,101.07038361685616,Exposed
1059,GLY,12.596925735473633,12.11242859180157,Burried
1060,VAL,0.0,0.0,Burried
1061,VAL,18.82349395751953,10.818099975585938,Burried
1062,PHE,0.7493696808815002,0.31223736703395844,Burried
1063,LEU,12.708602905273438,6.322688012573849,Burried
1064,HIS,14.327423095703125,6.396171024867467,Burried
1065,VAL,20.12602424621582,11.566680601273461,Burried
1066,THR,3.847362518310547,2.236838673436364,Burried
1067,TYR,2.3997116088867188,0.912437874101414,Burried
1068,VAL,90.58108520507812,52.058094945447195,Exposed
1069,PRO,94.16492462158203,59.22322303244153,Exposed
1070,ALA,69.9940185546875,54.25892911216085,Exposed
1071,GLN,352.96734619140625,156.87437608506946,Exposed
1072,GLU,263.230224609375,118.04045946608743,Exposed
1073,LYS,324.85491943359375,137.65038959050582,Exposed
1074,ASN,342.1822814941406,175.47809307391827,Exposed
1075,PHE,63.835269927978516,26.598029136657715,Exposed
1076,THR,168.32278442382812,97.86208396734193,Exposed
1077,THR,31.622493743896484,18.385170781335166,Burried
1078,ALA,12.254340171813965,9.499488505282143,Burried
1079,PRO,55.093589782714844,34.65005646711625,Exposed
1080,ALA,0.0,0.0,Burried
1081,ILE,1.6471666097640991,0.8361251826213701,Burried
1082,CYS,53.373931884765625,31.960438254350677,Exposed
1083,HIS,208.5390167236328,93.09777532305036,Exposed
1084,ASP,353.9826354980469,183.41069196789994,Exposed
1085,GLY,114.59175872802734,110.18438339233398,Exposed
1086,LYS,259.2508239746094,109.85204405703787,Exposed
1087,ALA,1.7009735107421875,1.3185841168544088,Burried
1088,HIS,69.55906677246094,31.053154809134348,Exposed
1089,PHE,3.4012367725372314,1.4171819885571797,Burried
1090,PRO,25.581348419189453,16.08889837684871,Burried
1091,ARG,405.49078369140625,147.9893371136519,Exposed
1092,GLU,379.72625732421875,170.28083288081558,Exposed
1093,GLY,8.162936210632324,7.8489771256080045,Burried
1094,VAL,15.690594673156738,9.017583145492377,Burried
1095,PHE,5.186243534088135,2.160934805870056,Burried
1096,VAL,2.1135451793670654,1.214681137567279,Burried
1097,SER,34.19346237182617,22.060298304403982,Burried
1098,ASN,287.8907165527344,147.63626489883814,Exposed
1099,GLY,196.11329650878906,188.57047741229718,Exposed
1100,THR,383.2013244628906,222.79146771098291,Exposed
1101,HIS,292.49029541015625,130.57602473667689,Exposed
1102,TRP,109.03395080566406,38.25752659847862,Exposed
1103,PHE,120.46483612060547,50.193681716918945,Exposed
1104,VAL,38.25880813598633,21.987820767808234,Burried
1105,THR,9.8446044921875,5.7236072628997094,Burried
1106,GLN,57.45612716674805,25.53605651855469,Exposed
1107,ARG,229.59329223632812,83.79317234902486,Exposed
1108,ASN,101.03929901123047,51.81502513396434,Exposed
1109,PHE,76.7696533203125,31.987355550130207,Exposed
1110,TYR,167.65785217285156,63.748232765342806,Exposed
1111,GLU,140.37916564941406,62.9502984974951,Exposed
1112,PRO,171.22555541992188,107.68902856598861,Exposed
1113,GLN,251.96815490722656,111.98584662543402,Exposed
1114,ILE,292.43603515625,148.4446878965736,Exposed
1115,ILE,20.3175106048584,10.313457159826598,Burried
1116,THR,64.0221939086914,37.22220576086709,Exposed
1117,THR,198.4912872314453,115.40191118107286,Exposed
1118,ASP,293.8671875,152.2627914507772,Exposed
1119,ASN,109.82300567626953,56.31949009039463,Exposed
1120,THR,17.548437118530273,10.20257972007574,Burried
1121,PHE,173.2308349609375,72.1795145670573,Exposed
1122,VAL,239.81161499023438,137.82276723576686,Exposed
1123,SER,57.469844818115234,37.0773192374937,Exposed
1124,GLY,98.84883880615234,95.0469603905311,Exposed
1125,ASN,244.84689331054688,125.56250939002405,Exposed
1126,CYS,110.92090606689453,66.41970423167336,Exposed
1127,ASP,364.9958801269531,189.11703633520887,Exposed
1128,VAL,195.97152709960938,112.62731442506286,Exposed
1129,VAL,47.47705078125,27.28566136853448,Exposed
1130,ILE,303.3788146972656,153.99939832348508,Exposed
1131,GLY,131.04928588867188,126.00892873910756,Exposed
1132,ILE,137.4993133544922,69.79660576370162,Exposed
1133,VAL,110.73148345947266,63.638783597398074,Exposed
1134,ASN,385.0357666015625,197.45423928285257,Exposed
1135,ASN,143.53636169433594,73.60839061247997,Exposed
1136,THR,257.643798828125,149.7929062954215,Exposed
1137,VAL,39.29721450805664,22.584606039113012,Burried
1138,TYR,311.4507751464844,118.42234796444274,Exposed
1139,ASP,216.8545379638672,112.359864229983,Exposed
1140,PRO,151.18496704101562,95.08488493145637,Exposed
1141,LEU,159.0845489501953,79.14654176626632,Exposed
1142,GLN,214.23284912109375,95.214599609375,Exposed
1143,PRO,220.1346893310547,138.4494901453174,Exposed
1144,GLU,347.4762878417969,155.81896315775646,Exposed
1145,LEU,197.06858825683594,98.04407375961986,Exposed
1146,ASP,261.3569641113281,135.41811611985912,Exposed
1147,SER,247.67977905273438,159.79340584047378,Exposed
